Country_code,Latitude,Longitude,Population,Distance_From_Land,Measurement
USA,22.99,-148.78,333287557,6.9667,8.715904
USA,31.151,-160.1013,333287557,8.3114,8.714907
USA,35.2285,-139.9236,333287557,16.3538,8.649
NAM,-19.468007,5.596789,2567012,6.3818,8.5
USA,31.790833,-143.96,333287557,16.3031,8.294709
USA,31.796167,-143.985,333287557,16.2882,8.294706
USA,30.985335,-141.239,333287557,17.763,8.261449
USA,27.9185,-82.5379,333287557,0.0029,8.2
USA,35.7164,-139.9999,333287557,16.2836,8.15
USA,35.8409,-140.8203,333287557,17.0402,8.134071
USA,26.05,-141.2,333287557,15.1049,8.075432
USA,35.3814,-141.0245,333287557,17.361,8.074308
USA,31.62,-144.34,333287557,15.9078,8.049147
ITA,44.2934,9.2035,58940425,0.0134,8.030516
DEU,54.8186,6.5933,83797985,1.1785,8
PRT,39.3048,-9.404,10409704,0.0483,8
ESP,41.379079,2.194423,47778340,0.0114,7.975333
USA,36.697833,-145.119667,333287557,19.2651,7.903851
ITA,41.038333,17.584,58940425,0.2295,7.878788
USA,32.012067,-141.5035,333287557,18.223,7.860124
USA,30.006473,-142.276,333287557,16.3422,7.848268
USA,35.99,-139.83,333287557,16.0455,7.831613
USA,30.000585,-138.7765,333287557,17.494,7.799283
USA,34.0563,-140.7643,333287557,17.5354,7.784
USA,25.69,-141.14,333287557,15.0072,7.772284
USA,33.94,-142,333287557,18.7352,7.753387
USA,32.004965,-134.608,333287557,12.8923,7.732587
USA,34.8136,-139.8794,333287557,16.4445,7.717
USA,33.671833,-141.098667,333287557,17.9858,7.704875
USA,33.668833,-141.117333,333287557,18.0043,7.704874
ESP,41.397303,2.21315,47778340,0.0075,7.64
ISR,31.8705,34.6625,9557500,0.0015,7.468237
USA,36.0408,-140.3313,333287557,16.5162,7.407828
USA,38.1169,-138.933,333287557,14.709,7.366
USA,36.698,-145.17075,333287557,19.2365,7.350979
USA,32.8909,-140.3057,333287557,17.5636,7.253
USA,33.906133,-140.495767,333287557,17.339,7.252639
USA,33.9101,-140.475483,333287557,17.3187,7.252628
USA,31.998633,-135.1255,333287557,13.3352,7.197871
USA,30.78,-133.3967,333287557,12.6321,7.162585
ITA,39.0051,17.2516,58940425,0.0514,7.151593
USA,36.3457,-143.9069,333287557,19.6962,7.09803
USA,31.001742,-143.8345,333287557,15.83,7.0435
ISR,32.171667,34.791167,9557500,0.0051,7.04065
CHL,-31.3878,-93.3457,19603733,12.7856,7.014418
PRI,25.5607,-62.4387,3221789,7.0295,7.014418
ITA,38.782,15.9225,58940425,0.0826,7.011284
BRA,-21.662,-38.4664,215313498,2.2121,7
ESP,45.9863,-6.7093,47778340,2.392,7
USA,36.49925,-143.7316,333287557,19.7209,6.965577
USA,28.1733,-141.4267,333287557,15.9459,6.958142
USA,36.82255,-142.139083,333287557,18.0959,6.950391
USA,30.983093,-141.2415,333287557,17.7596,6.950086
ISR,31.8705,34.6625,9557500,0.0015,6.913786
ESP,41.403637,2.2193,47778340,0.0064,6.912667
USA,31.8886,-139.6587,333287557,17.4145,6.887565
USA,37.6138,-140.78325,333287557,16.6168,6.874532
ISR,32.279667,34.825,9557500,0.0115,6.78
USA,31.999527,-136.178,333287557,14.245,6.724144
USA,25.35,-141.11,333287557,14.8979,6.68962
USA,29.987158,-138.2435,333287557,17.0447,6.679233
GRC,37.8461,23.4112,10426919,0.048,6.627025
USA,30.000933,-140.813,333287557,17.4939,6.618049
USA,35.8098,-139.873,333287557,16.1357,6.611
USA,27.7084,-82.6092,333287557,0.0189,6.6
USA,34.83,-140.42,333287557,16.9503,6.596453
USA,36.25525,-156.2503,333287557,14.3691,6.58212
USA,31.9954,-137.231,333287557,15.1759,6.548017
MAR,33.950063,-13.300317,37457971,3.105,6.5
USA,27.8493,-82.4314,333287557,0.0284,6.5
USA,30.99691,-134.8375,333287557,13.646,6.491765
USA,33.07095,-133.2357,333287557,11.1635,6.487523
USA,31.001293,-140.612,333287557,18.2661,6.471148
ISR,32.152,34.783167,9557500,0.0056,6.463878
CAN,28.33,-44.9782,38929902,17.5986,6.457159
ISR,32.059167,34.748333,9557500,0.0032,6.418523
USA,29.9952,-141.7755,333287557,16.7293,6.394891
USA,30.993983,-139.5495,333287557,17.6967,6.352912
ISR,32.903333,35.071,9557500,0.0074,6.339204
USA,27.7084,-82.6092,333287557,0.0189,6.3
USA,33.669,-141.131667,333287557,18.0175,6.293373
USA,33.667,-141.145833,333287557,18.0315,6.293365
USA,30.9714,-137.428,333287557,15.8397,6.245223
ISR,32.840167,34.951833,9557500,0.0069,6.217617
USA,36.25325,-156.18705,333287557,14.3812,6.203604
USA,37.29,-141.1,333287557,16.9862,6.183973
USA,36.413033,-153.550317,333287557,15.3327,6.160555
USA,30.002517,-141.358,333287557,17.0615,6.136246
USA,35.8086,-139.6477,333287557,15.9196,6.091
ITA,39.800667,7.819333,58940425,0.586,6.08365
USA,38.3638,-137.5601,333287557,13.3144,6.006095
USA,32.005742,-138.792,333287557,16.576,6.000392
MAR,34.494514,-13.102899,37457971,3.4746,6
SUR,11.6265,-52.5737,618040,5.9663,6
USA,30.993983,-139.5495,333287557,17.6967,5.997055
USA,31.000442,-143.8325,333287557,15.8306,5.996947
DZA,37.978,4.647,44903225,1.0819,5.992509
USA,34.0509,-142.0502,333287557,18.7454,5.99
USA,31.00334,-143.2895,333287557,16.224,5.982011
ISR,31.746667,34.593,9557500,0.0018,5.966405
USA,33.00241,-136.8805,333287557,14.4234,5.964499
USA,30.02665,-139.0718,333287557,17.7356,5.938225
USA,36.6822,-144.8449,333287557,19.4089,5.922603
USA,29.8842,-137.6358,333287557,16.586,5.915841
USA,24.73,-139.58,333287557,16.1047,5.910272
USA,30.002582,-141.355,333287557,17.0639,5.907654
USA,34.37,-143.7072,333287557,18.3109,5.903267
USA,31.989368,-137.771,333287557,15.6611,5.898689
USA,33.82,-145.21,333287557,16.9106,5.891707
ITA,39.3338,17.82005,58940425,0.6279,5.8753
USA,37.5533,-140.9014,333287557,16.7436,5.809413
ISR,32.059167,34.748333,9557500,0.0032,5.801724
USA,27.8493,-82.4314,333287557,0.0284,5.8
ITA,43.41,7.86,58940425,0.4074,5.78377
USA,27.090983,-144.979433,333287557,12.4156,5.74337
USA,27.0518,-144.97595,333287557,12.3946,5.743354
USA,30.007623,-142.2708,333287557,16.347,5.735766
JAM,17.946,-76.75783,2827377,0.0016,5.73
USA,33.00406,-134.7215,333287557,12.4851,5.728249
ITA,41.999167,16.997833,58940425,0.7384,5.717203
USA,32.4,-144.56,333287557,16.293,5.70248
ITA,39.80334,5.986068,58940425,1.6502,5.687438
USA,36.0135,-140.1468,333287557,16.345,5.67537
USA,16.88,-159.15,333287557,3.9145,5.661444
USA,36.083,-140.7946,333287557,16.9541,5.631634
NAM,-25.8243,-10.2767,2567012,10.7969,5.623906
USA,35.9064,-141.7822,333287557,17.9549,5.579401
USA,30.018732,-142.726,333287557,15.9989,5.572512
USA,29.987383,-138.2375,333287557,17.0394,5.571537
USA,31.000233,-140.6145,333287557,18.2635,5.563262
USA,36.630917,-144.388917,333287557,19.6332,5.533933
USA,37.6084,-140.82965,333287557,16.6635,5.533149
USA,37.25425,-131.62625,333287557,7.8607,5.524371
USA,33.51,-140.06,333287557,17.0869,5.481173
USA,20.21,-154.478,333287557,0.7023,5.476374
TUN,37.314,11.563,12356117,0.5621,5.432309
ALB,39.9,19.223,2777689,0.4032,5.4
USA,27.9185,-82.5379,333287557,0.0029,5.4
USA,27.61,-82.7832,333287557,0.0735,5.4
USA,27.61,-82.7832,333287557,0.0735,5.4
USA,32.015833,-136.70005,333287557,14.6958,5.37808
USA,30.004165,-134.9015,333287557,14.2952,5.345399
USA,29.997348,-141.776,333287557,16.7303,5.340388
USA,32.00225,-138.28,333287557,16.1136,5.330399
USA,36.387908,-153.6577,333287557,15.2691,5.317466
ITA,38.5824,14.2289,58940425,0.1192,5.304985
USA,31.003027,-143.2895,333287557,16.2238,5.291144
USA,30.001983,-140.813,333287557,17.4946,5.263433
DZA,38.069,5.969,44903225,1.0646,5.261137
USA,32.64415,-150.45075,333287557,13.0576,5.260345
USA,29.999073,-136.0735,333287557,15.232,5.222847
ISR,32.152,34.783167,9557500,0.0056,5.214259
USA,27.8524,-82.4093,333287557,0.0071,5.2
USA,27.8493,-82.4314,333287557,0.0284,5.2
USA,30.0181,-139.15245,333287557,17.8097,5.194461
USA,20.2219,-154.475,333287557,0.7109,5.179643
USA,35.8934,-139.9825,333287557,16.2183,5.167
USA,30.998698,-142.3675,333287557,16.9049,5.148795
JPN,32.328333,132.495,125124989,0.3799,5.084658
USA,30.997417,-141.8015,333287557,17.3349,5.076931
USA,31.992393,-139.8385,333287557,17.5375,5.058694
USA,31.1583,-160.2433,333287557,8.2883,5.042277
USA,32.9051,-140.2931,333287557,17.5462,5.039
ALB,39.648,19.944,2777689,0.0281,5.033333
USA,31.008,-138.48,333287557,16.7407,5.031545
USA,30.981832,-137.373,333287557,15.7869,5.022222
ESP,41.397303,2.21315,47778340,0.0075,5.009333
USA,34.065,-141.8469,333287557,18.549,5
USA,31.789333,-143.9565,333287557,16.3047,4.954054
USA,31.7875,-143.938667,333287557,16.3166,4.954052
USA,32.003092,-143.1145,333287557,17.0469,4.934588
USA,27.8524,-82.4093,333287557,0.0071,4.9
USA,27.8524,-82.4093,333287557,0.0071,4.9
USA,30.02395,-139.11535,333287557,17.7747,4.833991
ISR,32.059167,34.748333,9557500,0.0032,4.827586
USA,30.14065,-133.74765,333287557,13.2893,4.812514
USA,30.5515,-140.5807,333287557,18.0122,4.795062
USA,32.000485,-135.12,333287557,13.3296,4.783011
USA,36.41775,-148.8748,333287557,17.1406,4.773962
BRA,-30.896,-24.0645,215313498,11.4415,4.740373
USA,20.6,-154.81,333287557,0.744,4.726408
USA,34.0651,-141.8384,333287557,18.541,4.704
USA,35.9828,-139.7593,333287557,15.9793,4.703
USA,32.78,-142.17,333287557,18.264,4.697453
USA,34.6502,-142.2878,333287557,18.7821,4.690983
ISR,31.7495,34.5525,9557500,0.0369,4.676409
USA,35.0049,-141.4513,333287557,17.878,4.671685
USA,31.00675,-138.482,333287557,16.743,4.667212
USA,34.0482,-142.0588,333287557,18.7544,4.666
USA,33.0595,-133.27305,333287557,11.2014,4.656397
USA,29.998983,-136.076,333287557,15.234,4.653116
USA,27.97005,-131.3522,333287557,12.4767,4.643193
ITA,40.7094,14.1105,58940425,0.0792,4.64236
USA,32.72,-144.28,333287557,16.7175,4.632787
USA,27.4173,-145.571,333287557,12.1517,4.624389
GRC,39.473,20.093,10426919,0.028,4.6
BRA,-31.1353,-25.223,215313498,11.2298,4.594996
USA,16.13,-162,333287557,5.9266,4.569056
USA,33.3557,-134.8486,333287557,12.4359,4.551
USA,35.7197,-139.8715,333287557,16.1594,4.545
USA,31.998427,-142.044,333287557,17.8136,4.535362
USA,31.99426,-135.652,333287557,13.7902,4.532856
USA,38.31795,-137.71005,333287557,13.4697,4.527676
USA,32.8951,-140.3124,333287557,17.5679,4.504
USA,31.02,-141.19,333287557,17.8229,4.486027
USA,32.005,-159.0086,333287557,9.4269,4.480892
USA,34.0515,-179.9942,333287557,5.9011,4.433469
CHL,-29.0453,-101.7302,19603733,4.5351,4.42828
USA,32.44115,-133.8228,333287557,11.9957,4.42415
USA,32.66775,-150.37115,333287557,13.1142,4.421236
USA,30.1667,-140.7683,333287557,17.6293,4.401403
USA,27.8524,-82.4093,333287557,0.0071,4.4
USA,32.4381,-137.3467,333287557,15.0835,4.384549
USA,27.524033,-144.989817,333287557,12.676,4.383277
USA,27.508583,-144.98995,333287557,12.6662,4.383276
USA,16.36,-159.94,333287557,4.8603,4.340496
USA,36.87035,-146.45315,333287557,18.6927,4.339353
USA,36.0405,-140.3197,333287557,16.5051,4.317563
USA,38.337,-137.6313,333287557,13.3889,4.302687
USA,30.990473,-141.8,333287557,17.3316,4.295994
ESP,41.373055,2.191604,47778340,0.0101,4.295333
USA,32.001075,-136.175,333287557,14.2416,4.286916
ESP,41.175724,1.526081,47778340,0.0077,4.276667
ALB,39.668,20.019,2777689,0.0196,4.26
USA,33.906033,-140.5,333287557,17.343,4.256088
USA,33.8991,-140.526517,333287557,17.3702,4.256084
ISR,32.279667,34.825,9557500,0.0115,4.254324
ITA,38.12,11.846,58940425,0.229,4.239766
USA,31.001332,-139.0185,333287557,17.2202,4.227363
USA,32.3527,-140.2948,333287557,17.7864,4.2
USA,27.8524,-82.4093,333287557,0.0071,4.2
USA,36.430392,-153.4763,333287557,15.3769,4.196483
USA,34.2913,-144.3522,333287557,17.8245,4.193644
ISR,32.584,34.9055,9557500,0.0061,4.17
USA,35.8993,-139.8726,333287557,16.1109,4.169
GRC,39.497,20.126,10426919,0.0336,4.16
USA,35.806,-139.7601,333287557,16.0283,4.155
USA,30.5572,-145.043,333287557,14.6662,4.136879
USA,34.0611,-141.5962,333287557,18.3142,4.123
USA,33.0043,-134.721,333287557,12.4845,4.108552
USA,27.9185,-82.5379,333287557,0.0029,4.1
USA,31.990702,-137.768,333287557,15.6578,4.099853
USA,32.00336,-140.348,333287557,17.9917,4.092073
USA,36.4484,-150.7282,333287557,16.4157,4.08012
USA,34.0567,-142.0252,333287557,18.7199,4.079
USA,31.89,-143.34,333287557,16.808,4.054387
ESP,39.4475,3.351733,47778340,0.0638,4.054131
ISR,31.746667,34.593,9557500,0.0018,4.020021
USA,30.983658,-137.371,333287557,15.7842,4.018993
USA,27.8524,-82.4093,333287557,0.0071,4
USA,36.6123,-141.197,333287557,17.2195,3.992
USA,38.5727,-137.957,333287557,13.6764,3.978
USA,30.14545,-133.79635,333287557,13.3258,3.964444
USA,32.000648,-142.5855,333287557,17.4217,3.964016
ALB,40.8845,18.954667,2777689,0.4171,3.962358
USA,28.2745,-148.8963,333287557,10.3125,3.960667
ISR,32.903333,35.071,9557500,0.0074,3.959362
USA,30.003118,-136.662,333287557,15.7105,3.956987
USA,30.5864,-139.65,333287557,17.972,3.951364
USA,31.005442,-140.074,333287557,18.1622,3.940242
USA,26.876733,-144.96945,333287557,12.2943,3.938291
USA,26.778283,-144.96205,333287557,12.2416,3.938291
USA,32.85,-143.36,333287557,17.4644,3.92704
USA,26.9289,-144.971633,333287557,12.3238,3.922442
USA,27.023967,-144.9753,333287557,12.3782,3.922436
JPN,27.8482,150.2578,125124989,5.1061,3.907992
USA,32.1014,-135.4803,333287557,13.5879,3.907
USA,32.01861,-143.64,333287557,16.692,3.903438
USA,27.9528,-82.6416,333287557,0.0132,3.9
USA,30.18265,-144.06055,333287557,15.1003,3.894233
USA,28.0647,-131.50285,333287557,12.5634,3.891236
USA,30.152309,-144.034902,333287557,15.0985,3.881957
USA,31.6748,-142.8823,333287557,16.9818,3.861539
USA,34.679,-142.0756,333287557,18.571,3.860091
USA,30.998065,-137.895,333287557,16.2323,3.839036
USA,19.24,-156.55,333287557,0.6382,3.824844
CAN,37.45432,-38.851783,38929902,7.8127,3.777774
USA,33.08485,-133.2088,333287557,11.1333,3.772227
USA,28.0083,-160.3058,333287557,5.225,3.771039
USA,33.001015,-134.1295,333287557,11.9685,3.765498
USA,31.3098,-163.994,333287557,7.4601,3.755847
ESP,41.263153,1.963507,47778340,0.0015,3.748667
ESP,41.373055,2.191604,47778340,0.0101,3.729333
ESP,41.379079,2.194423,47778340,0.0114,3.718
USA,32.43755,-133.7748,333287557,11.9573,3.702866
USA,33.663333,-141.171667,333287557,18.0568,3.692509
USA,33.666667,-141.15,333287557,18.0355,3.692508
ITA,38.303,15.6206,58940425,0.023,3.664856
USA,30.15125,-144.0028,333287557,15.1213,3.658557
USA,25.1401,-151.9014,333287557,5.9704,3.656354
ITA,36.8408,12.078,58940425,0.0529,3.619534
USA,34.1333,-137.1,333287557,14.1341,3.616785
USA,33.782002,-138.3215,333287557,15.3886,3.615134
ESP,40.437833,4.540167,47778340,0.5249,3.614937
USA,32.005868,-134.6065,333287557,12.8905,3.614841
USA,32.2645,-136.1706,333287557,14.1117,3.613
JPN,32.991667,133.33,125124989,0.1974,3.610835
USA,32.0291,-138.5077,333287557,16.3082,3.602
USA,31.007708,-140.0705,333287557,18.1581,3.591232
USA,29.4135,-133.2597,333287557,13.2866,3.584262
USA,32.3488,-140.3044,333287557,17.7967,3.58
USA,34.8996,-153.56815,333287557,13.9055,3.570596
USA,29.87705,-137.6065,333287557,16.5653,3.551559
USA,32.1454,-138.6486,333287557,16.3876,3.550067
USA,29.000885,-141.609,333287557,16.2609,3.546383
ESP,41.403637,2.2193,47778340,0.0064,3.541333
USA,36.41115,-148.81945,333287557,17.1586,3.531028
USA,36.8441,-153.19055,333287557,15.8688,3.530292
CHN,30.46,121.21,1412175000,0.1171,3.523174
MNE,42.1665,18.533167,617213,0.2182,3.515625
USA,32.62765,-150.518,333287557,13.013,3.504488
ESP,44.887103,-6.299021,47778340,1.2935,3.5
PRT,39.328846,-11.62509,10409704,2.19,3.5
USA,27.9528,-82.6416,333287557,0.0132,3.5
USA,28.48845,-132.1473,333287557,12.8881,3.494777
USA,27.8666,-131.2242,333287557,12.416,3.481081
USA,29.000848,-141.6045,333287557,16.2645,3.472031
USA,33.003792,-136.879,333287557,14.4215,3.461667
USA,29.998968,-137.752,333287557,16.6217,3.457382
USA,29.999692,-137.7505,333287557,16.6201,3.444226
USA,33.444833,-143.083,333287557,18.0769,3.41776
USA,33.489333,-143.100333,333287557,18.0957,3.417758
ESP,40.038,1.625,47778340,0.8476,3.417169
ITA,44.288733,9.15755,58940425,0.0305,3.410525
USA,27.7084,-82.6092,333287557,0.0189,3.4
USA,28.15865,-141.4475,333287557,15.9205,3.3992
USA,30.998768,-142.365,333287557,16.9068,3.394001
CAN,37.8664,-143.8151,38929902,18.9159,3.392126
USA,32.023423,-143.639,333287557,16.6962,3.387223
USA,32.0517,-137.7057,333287557,15.575,3.381
USA,35.9529,-139.6533,333287557,15.8853,3.381
USA,35.7633,-138.5103,333287557,14.8447,3.379847
ITA,39.014,9.787,58940425,0.2587,3.379416
TUN,33.919014,10.128889,12356117,0.0268,3.378668
BGD,22.326398,91.854782,171186372,0.0001,3.375
USA,30.003082,-136.6595,333287557,15.7084,3.357755
USA,34.4641,-139.9072,333287557,16.5896,3.344
USA,39.3125,-179.7445,333287557,11.0073,3.343264
USA,34.0659,-141.6138,333287557,18.3291,3.341
USA,30.997658,-137.898,333287557,16.2351,3.315935
ITA,44.326,8.5429,58940425,0.0138,3.31282
BRA,-34.8687,-41.3467,215313498,9.744,3.29272
BRA,-34.6048,-17.1887,215313498,5.4592,3.28917
CHN,30.8,121.76,1412175000,0.0485,3.284107
ESP,41.465446,2.282388,47778340,0.0072,3.279333
USA,34.6675,-142.0818,333287557,18.5804,3.268969
ESP,39.324283,2.815883,47778340,0.0405,3.265685
USA,32.9081,-140.307,333287557,17.5575,3.261
JPN,32.796667,134.005,125124989,0.4717,3.249003
ESP,41.389383,2.203525,47778340,0.0104,3.243333
ESP,41.397303,2.21315,47778340,0.0075,3.239333
USA,33.08,-147.02,333287557,15.2138,3.226456
USA,28.95,-146.06,333287557,12.8051,3.223693
BRA,-30.5678,-22.9272,215313498,11.6816,3.218619
USA,36.6861,-133.2069,333287557,9.5388,3.215274
CAN,38.42595,-141.46505,38929902,17.0702,3.210041
HRV,44.218833,14.168,3855600,0.4043,3.203462
USA,30.98824,-136.3195,333287557,14.8822,3.19434
USA,33.481667,-143.121667,333287557,18.0751,3.187498
USA,33.488333,-143.104333,333287557,18.0921,3.187497
USA,30.000033,-137.3055,333287557,16.2461,3.184928
USA,36.4614,-150.7943,333287557,16.4037,3.183474
ISR,32.152,34.783167,9557500,0.0056,3.179396
USA,30.00065,-137.304,333287557,16.2445,3.170803
ISR,31.8705,34.6625,9557500,0.0015,3.163192
ESP,41.397303,2.21315,47778340,0.0075,3.161333
USA,29.29525,-133.14445,333287557,13.2504,3.160259
USA,26.6528,-160.3025,333287557,3.9617,3.136709
ITA,37.459,11.83,58940425,0.545,3.133609
USA,36.83315,-153.35705,333287557,15.7948,3.118782
USA,27.9528,-82.6416,333287557,0.0132,3.1
ISR,32.840167,34.951833,9557500,0.0069,3.090877
USA,31.1502,-159.979,333287557,8.3386,3.090374
USA,36.7966,-146.6179,333287557,18.5454,3.084044
USA,37.29105,-131.58465,333287557,7.8082,3.081825
ISR,31.8705,34.6625,9557500,0.0015,3.080448
GRC,37.731,23.241,10426919,0.0664,3.08
USA,31.003018,-139.017,333287557,17.2181,3.077937
ESP,37.3914,-0.82342,47778340,0.1855,3.073425
ITA,40.6226,13.7388,58940425,0.1441,3.073221
CAN,31.2709,-47.178,38929902,16.476,3.047
USA,32.6086,-136.9844,333287557,14.6831,3.039
ALB,39.651,20.032,2777689,0.0322,3.036667
GRC,38.7963,20.4245,10426919,0.1691,3.014027
JAM,17.948306,-76.83425,2827377,0.0053,3.01
ESP,44.4522,-7.9605,47778340,0.6878,3
PRT,41.0974,-9.1399,10409704,0.4305,3
USA,33.10015,-133.1591,333287557,11.083,2.999244
USA,30.019743,-142.7235,333287557,16.0014,2.99756
BGD,22.326398,91.854782,171186372,0.0001,2.979167
BGD,22.326398,91.854782,171186372,0.0001,2.979167
BGD,22.326398,91.854782,171186372,0.0001,2.979167
ESP,41.849824,3.147244,47778340,0.0043,2.977333
USA,32.99864,-135.2855,333287557,12.987,2.968761
ITA,42.1665,16.166667,58940425,0.2449,2.964015
USA,32.4368,-133.8719,333287557,12.0394,2.958448
BRA,-27.6412,-14.3013,215313498,9.6266,2.954988
CAN,37.493,-143.5639,38929902,19.0615,2.952631
ALB,39.393,19.741,2777689,0.1457,2.943333
USA,35.7626,-138.7748,333287557,15.0972,2.938051
USA,35.8035,-139.9833,333287557,16.2435,2.928
ITA,39.774167,11.888333,58940425,1.6567,2.92581
USA,34.0727,-140.4795,333287557,17.2634,2.918
ESP,41.465446,2.282388,47778340,0.0072,2.916
USA,35.7185,-139.7649,333287557,16.0574,2.911
USA,27.8493,-82.4314,333287557,0.0284,2.9
USA,27.33,-142.18,333287557,14.8588,2.896836
BGD,22.326398,91.854782,171186372,0.0001,2.895833
USA,27.3857,-130.72035,333287557,12.2356,2.893381
TTO,10.760339,-61.441728,1531044,0.0041,2.888889
USA,27.484317,-144.990517,333287557,12.6505,2.881837
USA,27.467767,-144.993,333287557,12.6381,2.881826
USA,27.05,-126.006667,333287557,7.9119,2.879188
ITA,38.234,11.531,58940425,0.5584,2.876984
ESP,41.397303,2.21315,47778340,0.0075,2.855333
USA,33.05545,-147.4223,333287557,14.9597,2.842617
USA,30.1402,-133.82095,333287557,13.3488,2.842615
CAN,39.84545,-139.6602,38929902,14.8562,2.834407
USA,29.38735,-133.2961,333287557,13.3313,2.831999
ESP,38.942667,1.208333,47778340,0.0149,2.831352
ESP,41.397303,2.21315,47778340,0.0075,2.821333
USA,28.41,-140.21,333287557,17.1028,2.818452
USA,29.3311,-133.2188,333287557,13.2947,2.8162
USA,31.91,-145.09,333287557,15.572,2.800453
CHN,30.23,121.63,1412175000,0.1021,2.8
USA,36.4749,-148.93995,333287557,17.1644,2.791323
USA,29.2231,-133.03935,333287557,13.1999,2.787855
USA,30.996977,-134.835,333287557,13.6439,2.78158
GRC,37.8775,20.922,10426919,0.073,2.772124
BGD,22.34364,91.869161,171186372,0.0081,2.770833
USA,33.18105,-147.2988,333287557,15.1334,2.76533
ITA,38.4763,15.0934,58940425,0.1142,2.762513
BGD,22.326398,91.854782,171186372,0.0001,2.75
ITA,39.800167,7.3995,58940425,1.0013,2.744511
USA,33.1067,-133.1195,333287557,11.0459,2.741188
USA,34.99005,-152.9525,333287557,14.1971,2.738058
USA,36.8386,-153.28865,333287557,15.8259,2.736727
USA,36.444417,-148.479083,333287557,17.3383,2.734936
ESP,41.397303,2.21315,47778340,0.0075,2.733333
USA,35.9864,-139.8749,333287557,16.0897,2.724
ESP,39.391833,2.520833,47778340,0.0807,2.721657
ESP,41.575135,2.553135,47778340,0.0038,2.716667
USA,25.28,-147,333287557,9.7122,2.712124
USA,25.28,-147,333287557,9.7122,2.712124
USA,25.28,-147,333287557,9.7122,2.712124
USA,25.28,-147,333287557,9.7122,2.712124
USA,25.28,-147,333287557,9.7122,2.712124
USA,25.28,-147,333287557,9.7122,2.712124
USA,25.28,-147,333287557,9.7122,2.712124
USA,25.28,-147,333287557,9.7122,2.712124
USA,25.28,-147,333287557,9.7122,2.712124
USA,25.28,-147,333287557,9.7122,2.712124
USA,25.28,-147,333287557,9.7122,2.712124
USA,25.28,-147,333287557,9.7122,2.712124
USA,25.28,-147,333287557,9.7122,2.712124
USA,25.28,-147,333287557,9.7122,2.712124
USA,25.28,-147,333287557,9.7122,2.712124
USA,25.28,-147,333287557,9.7122,2.712124
USA,25.28,-147,333287557,9.7122,2.712124
USA,38.1515,-137.4531,333287557,13.2438,2.695271
USA,36.074,-140.8297,333287557,16.9903,2.689615
ESP,40.988333,2.831667,47778340,0.6418,2.670203
BGD,22.326398,91.854782,171186372,0.0001,2.666667
ISR,32.279667,34.825,9557500,0.0115,2.662116
ALB,39.389,19.819,2777689,0.0878,2.66
USA,20.61,-155,333287557,0.654,2.653828
ISR,32.504167,34.885,9557500,0.0056,2.647504
USA,33.783275,-138.32,333287557,15.3867,2.645503
DZA,37.8437,4.071,44903225,0.9437,2.637231
USA,33.11215,-133.077,333287557,11.0069,2.63242
CAN,33.0022,-41.2924,38929902,11.8719,2.617408
USA,40.68,-128.9,333287557,4.497,2.611356
USA,40.68,-128.9,333287557,4.497,2.611356
USA,40.68,-128.9,333287557,4.497,2.611356
USA,40.68,-128.9,333287557,4.497,2.611356
USA,40.68,-128.9,333287557,4.497,2.611356
USA,40.68,-128.9,333287557,4.497,2.611356
USA,40.68,-128.9,333287557,4.497,2.611356
USA,40.68,-128.9,333287557,4.497,2.611356
USA,40.68,-128.9,333287557,4.497,2.611356
USA,40.68,-128.9,333287557,4.497,2.611356
USA,40.68,-128.9,333287557,4.497,2.611356
USA,40.68,-128.9,333287557,4.497,2.611356
USA,40.68,-128.9,333287557,4.497,2.611356
USA,40.68,-128.9,333287557,4.497,2.611356
USA,40.68,-128.9,333287557,4.497,2.611356
USA,40.68,-128.9,333287557,4.497,2.611356
USA,40.68,-128.9,333287557,4.497,2.611356
USA,32.0565,-137.91,333287557,15.7565,2.611
ISR,32.726333,34.939,9557500,0.0032,2.607362
ESP,41.397303,2.21315,47778340,0.0075,2.604667
ESP,41.379079,2.194423,47778340,0.0114,2.601333
USA,27.9185,-82.5379,333287557,0.0029,2.6
USA,27.9185,-82.5379,333287557,0.0029,2.6
USA,36.468,-150.86725,333287557,16.379,2.598221
ISR,33.074,35.101667,9557500,0.0022,2.597629
USA,27.4379,-145.51005,333287557,12.2123,2.595526
USA,33.87,-146.33,333287557,16.259,2.59128
CAN,39.90505,-139.5802,38929902,14.7614,2.587281
BGD,22.326398,91.854782,171186372,0.0001,2.583333
USA,34.9259,-153.49335,333287557,13.9543,2.58064
USA,41.2838,-154.2545,333287557,14.4704,2.578952
BGR,43.328333,28.285833,6465097,0.0861,2.543575
ESP,39.80334,4.403955,47778340,0.0924,2.542651
BGD,22.326398,91.854782,171186372,0.0001,2.541667
BGD,22.34364,91.869161,171186372,0.0081,2.541667
ITA,38.324,9.303,58940425,0.7079,2.541296
USA,29.006025,-142.306,333287557,15.7027,2.512745
USA,32.0641,-137.9139,333287557,15.7567,2.512
ESP,41.314,2.2465,47778340,0.0693,2.505023
AGO,-16.864166,4.031864,35588987,7.6437,2.5
GRC,36.12,25.227,10426919,0.2724,2.5
MAR,25.620409,-18.164789,37457971,2.029,2.5
SLE,0.956002,-15.556694,8605718,7.1003,2.5
USA,32.0242,-138.9792,333287557,16.7387,2.497
USA,33.1201,-147.3596,333287557,15.0486,2.491377
CHN,30.45,122.1,1412175000,0.1326,2.482764
ESP,41.403637,2.2193,47778340,0.0064,2.480667
USA,41.3213,-155.7068,333287557,13.9706,2.479603
BGD,22.34364,91.869161,171186372,0.0081,2.479167
USA,30.6528,-140.6128,333287557,18.049,2.471
USA,36.975692,-150.573367,333287557,16.9631,2.466297
USA,28.42,-150.3,333287557,9.5167,2.464707
ISR,31.8705,34.6625,9557500,0.0015,2.462656
JPN,32.498333,132.996667,125124989,0.2134,2.462171
BGD,22.34364,91.869161,171186372,0.0081,2.458333
ISR,32.279667,34.825,9557500,0.0115,2.456354
ESP,41.397303,2.21315,47778340,0.0075,2.43
TUN,34.002287,10.087773,12356117,0.0426,2.415224
USA,29.006242,-142.305,333287557,15.7037,2.413153
USA,36.74855,-133.1945,333287557,9.5041,2.413135
ESP,41.397303,2.21315,47778340,0.0075,2.407333
USA,32.0429,-137.9278,333287557,15.7784,2.405
USA,27.9528,-82.6416,333287557,0.0132,2.4
BGD,22.34364,91.869161,171186372,0.0081,2.395833
ISR,32.171667,34.791167,9557500,0.0051,2.39432
RUS,77.961375,104.183783,144236933,0.2326,2.392344
USA,35.6912,-147.6655,333287557,17.0624,2.391059
USA,27.28275,-130.6385,333287557,12.2235,2.389612
ESP,41.397303,2.21315,47778340,0.0075,2.388667
USA,30.13065,-133.8532,333287557,13.3805,2.387089
JPN,29.7272,148.0468,125124989,6.2229,2.381986
ESP,38.2729,-0.27666,47778340,0.1643,2.381713
BGD,22.36101,91.874887,171186372,0.0003,2.375
USA,27.4258,-145.54195,333287557,12.1797,2.373976
USA,30.1733,-140.705,333287557,17.6838,2.372212
ESP,40.910469,0.833376,47778340,0.0001,2.372
ITA,39.055333,8.322167,58940425,0.028,2.36587
CHL,-30.2413,-97.0948,19603733,9.1777,2.364218
PRI,30.5477,-63.7064,3221789,2.0291,2.364218
CAN,37.49145,-143.47605,38929902,19.0106,2.363342
ISR,31.746667,34.593,9557500,0.0018,2.36189
NAM,-32.3348,-9.2109,2567012,5.6124,2.356803
ITA,36.5349,13.1282,58940425,0.7122,2.34786
USA,34.0529,-142.0422,333287557,18.7372,2.338
ITA,40.0225,17.990833,58940425,0.0203,2.32681
USA,36.3904,-150.29685,333287557,16.5251,2.32306
USA,16.28,-160.37,333287557,5.2657,2.319528
DZA,39.115167,3.761,44903225,0.5674,2.317141
USA,32.0508,-137.9166,333287557,15.7649,2.317
ESP,41.389383,2.203525,47778340,0.0104,2.314667
USA,32.039,-137.9334,333287557,15.7852,2.311
BHS,24.58,-74.03,409984,0.613,2.308856
USA,33.000318,-135.284,333287557,12.9849,2.307641
ITA,43.8759,8.052,58940425,0.0152,2.304121
USA,27.9528,-82.6416,333287557,0.0132,2.3
ITA,38.9165,13.299333,58940425,0.2291,2.295152
USA,34.93835,-153.4273,333287557,13.9874,2.290006
USA,32.18,-145.73,333287557,15.3298,2.287107
CAN,37.4848,-143.3958,38929902,18.9685,2.280913
USA,35.007,-141.434,333287557,17.8609,2.279497
USA,18.46,-157.58,333287557,1.7835,2.275144
USA,28.4553,-132.1118,333287557,12.8801,2.274526
BRA,-31.6642,-27.5227,215313498,11.2278,2.270358
ISR,31.746667,34.593,9557500,0.0018,2.26378
AUS,-17.66304,120.13186,26005540,1.8155,2.260793
USA,35.8998,-139.647,333287557,15.8937,2.255
USA,34.0542,-139.9865,333287557,16.811,2.24
USA,30.999668,-135.406,333287557,14.1112,2.23836
USA,37.3324,-131.5925,333287557,7.7999,2.238093
BHS,27.62,-72.5,409984,3.992,2.23758
USA,30.17,-140.7383,333287557,17.6552,2.236627
ITA,43.8789,9.3394,58940425,0.3735,2.233436
RUS,72.970008,142.954367,144236933,0.2287,2.231431
ISR,32.903333,35.071,9557500,0.0074,2.226956
USA,36.956525,-150.65005,333287557,16.9134,2.220469
ITA,38.914,10.015,58940425,0.5065,2.220195
USA,31.072,-139.3982,333287557,17.5265,2.215
USA,28.9324,-140.11825,333287557,17.4571,2.213893
USA,36.84455,-146.5259,333287557,18.6334,2.210857
USA,33.1849,-153.6428,333287557,12.2644,2.210127
USA,30.09175,-133.8008,333287557,13.3611,2.206101
ISR,31.7495,34.5525,9557500,0.0369,2.200798
USA,27.8524,-82.4093,333287557,0.0071,2.2
NAM,-32.607,-10.2,2567012,4.8994,2.197704
ESP,41.403637,2.2193,47778340,0.0064,2.192667
USA,32.003858,-143.1125,333287557,17.0488,2.191318
IDN,6.491,92.83,275501339,0.9714,2.190999
USA,32.4396,-133.72655,333287557,11.9157,2.189049
USA,27.41565,-130.7418,333287557,12.2374,2.183253
USA,30.42635,-137.804,333287557,16.4408,2.182661
ITA,39.799333,6.61,58940425,1.7283,2.179487
ITA,38.5445,9.82533,58940425,0.6386,2.179487
USA,32.82,-146.59,333287557,15.266,2.178
CAN,32.844825,-37.951367,38929902,9.3362,2.175247
CAN,34.78,-64.32,38929902,2.4177,2.170628
USA,27.44255,-130.7715,333287557,12.2479,2.168122
USA,35.9848,-139.9853,333287557,16.1966,2.164778
BRA,-32.4768,-29.7142,215313498,11.8986,2.163984
ISR,32.171667,34.791167,9557500,0.0051,2.157764
NAM,-33.4173,0.0825,2567012,12.1664,2.146255
BGD,22.36101,91.874887,171186372,0.0003,2.145833
BGD,22.36101,91.874887,171186372,0.0003,2.145833
CAN,42.0602,-137.5418,38929902,11.8327,2.139785
ISR,32.983333,35.074333,9557500,0.0024,2.132273
ISR,31.7495,34.5525,9557500,0.0369,2.132038
USA,32.469,-133.5409,333287557,11.7441,2.131878
USA,36.437702,-148.409409,333287557,17.3636,2.116106
USA,34.0587,-139.9829,333287557,16.8059,2.1
USA,29.6613,-135.91255,333287557,15.3037,2.097955
USA,27.6211,-142.9629,333287557,14.3605,2.094789
USA,28.71,-147.015,333287557,11.9693,2.093125
ITA,39.2345,7.625,58940425,0.6046,2.082767
USA,36.29165,-145.8333,333287557,18.5303,2.081533
USA,36.3994,-150.3816,333287557,16.5005,2.080938
GRC,35.1514,20.7348,10426919,1.857,2.075921
JAM,17.94878,-76.82694,2827377,0.005,2.07
USA,32.000239,-142.5845,333287557,17.4221,2.068737
USA,30.3259,-133.8972,333287557,13.3026,2.063226
BGD,22.34364,91.869161,171186372,0.0081,2.0625
BGD,22.34364,91.869161,171186372,0.0081,2.0625
PRT,38.48294,-8.94286,10409704,0.0014,2.06111
ITA,38.805,10.258,58940425,0.7725,2.054082
DZA,36.78695,2.86953,44903225,0.0136,2.053919
USA,33.04615,-133.3114,333287557,11.241,2.053062
ISR,32.903333,35.071,9557500,0.0074,2.049604
USA,28.1809,-141.37395,333287557,15.9944,2.047425
CHN,30.69,121.43,1412175000,0.0705,2.046871
USA,28.5389,-132.2181,333287557,12.9141,2.0441
BGD,22.36101,91.874887,171186372,0.0003,2.041667
ESP,41.465446,2.282388,47778340,0.0072,2.036
MAR,27.1974,-38.1324,37457971,13.9697,2.032809
USA,30.18595,-133.83395,333287557,13.3324,2.029278
USA,28.41905,-132.0774,333287557,12.875,2.02287
ITA,38.3725,15.758167,58940425,0.0747,2.019273
ESP,41.397303,2.21315,47778340,0.0075,2.018667
ISR,32.279667,34.825,9557500,0.0115,2.017974
USA,32.0189,-139.4603,333287557,17.1803,2.015
ISR,32.279667,34.825,9557500,0.0115,2.014531
USA,27.9848,-131.3751,333287557,12.4896,2.011274
AGO,-13.164437,1.844426,35588987,7.9918,2
BGD,22.34364,91.869161,171186372,0.0081,2
BGD,22.36101,91.874887,171186372,0.0003,2
GAB,-8.988812,-1.531077,2388992,8.0559,2
GHA,-7.824611,-3.287221,33475870,8.4207,2
LBR,-1.660333,-12.524029,5302681,6.4877,2
MAR,30.470241,-14.533441,37457971,1.361,2
MDG,-40.4232,45.9517,29611714,7.0475,2
NAM,-22.371272,7.59897,2567012,5.8818,2
USA,83.6959,-143.37,333287557,13.5705,2
USA,27.61,-82.7832,333287557,0.0735,2
USA,37.62775,-147.2708,333287557,18.9454,1.996085
USA,35.00015,-152.8868,333287557,14.2298,1.993602
USA,36.0995,-179.588,333287557,7.8064,1.992232
ESP,41.575135,2.553135,47778340,0.0038,1.99
ITA,41.0423,10.6973,58940425,0.9931,1.987672
ESP,41.616667,2.78,47778340,0.028,1.986
ESP,36.144517,-5.245567,47778340,0.0924,1.979281
USA,27.8938,-131.25535,333287557,12.4296,1.977825
ITA,35.4864,17.2153,58940425,2.3966,1.968305
USA,35.8977,-139.7624,333287557,16.0053,1.967
USA,36.51035,-148.4062,333287557,17.4299,1.96634
USA,30.999907,-135.9415,333287557,14.5574,1.964699
NAM,-31.6387,-8.0787,2567012,6.829,1.960071
ISR,32.6775,34.920833,9557500,0.0077,1.956425
USA,34.0674,-141.6223,333287557,18.3366,1.953
ITA,38.534,10.869,58940425,1.2849,1.952381
USA,30.22875,-133.85125,333287557,13.3215,1.945896
ITA,43.4061,7.5918,58940425,0.3639,1.940703
USA,34.0572,-141.3731,333287557,18.1058,1.939
ESP,41.894667,4.3295,47778340,1.0961,1.93437
USA,33.001608,-134.126,333287557,11.9652,1.931257
USA,35.7636,-141.4883,333287557,17.7056,1.93
ITA,40.225278,18.527778,58940425,0.0592,1.921671
MDG,-20.6787,64.942,29611714,1.7506,1.901534
USA,35.841,-140.8242,333287557,17.0439,1.901459
USA,27.8493,-82.4314,333287557,0.0284,1.9
USA,27.61,-82.7832,333287557,0.0735,1.9
USA,35.9849,-139.9826,333287557,16.194,1.894
USA,20.2149,-154.4888,333287557,0.6955,1.885194
USA,34.055,-142.0341,333287557,18.7289,1.883
CAN,29.0401,-45.484,38929902,17.569,1.877802
USA,30.047,-133.77195,333287557,13.3644,1.877369
RUS,66.863889,41.514028,144236933,0.2145,1.873829
ISR,32.584,34.9055,9557500,0.0061,1.873173
ESP,39.005,0.77834,47778340,0.443,1.859711
RUS,71.720017,61.568175,144236933,1.9111,1.858736
ESP,41.403637,2.2193,47778340,0.0064,1.857333
USA,32.2061,-138.3311,333287557,16.0736,1.857298
DZA,39.8005,5.4095,44903225,1.0745,1.855895
RUS,68.168333,43.296806,144236933,0.4317,1.851852
USA,29.02,-148.63,333287557,11.041,1.848387
CHN,30.13,121.71,1412175000,0.1112,1.846447
ESP,41.263153,1.963507,47778340,0.0015,1.834667
USA,33.2249,-153.8023,333287557,12.2467,1.833202
RUS,76.683633,148.6706,144236933,0.0057,1.832621
PRT,37.265767,-9.9989,10409704,1.0304,1.82422
USA,31.7684,-148.69475,333287557,13.1791,1.820322
DZA,37.3692,7.997,44903225,0.4248,1.81678
USA,30.998325,-136.3185,333287557,14.876,1.808096
ITA,44.1738,8.9859,58940425,0.2136,1.806665
ITA,44.052,8.2296,58940425,0.0077,1.80546
ISR,33.074,35.101667,9557500,0.0022,1.805296
USA,37.7359,-139.7674,333287557,15.5951,1.801
USA,27.8493,-82.4314,333287557,0.0284,1.8
USA,34.74145,-145.67045,333287557,17.3518,1.799987
BRA,-28.832,-17.443,215313498,9.7038,1.796407
ESP,41.2334,2.129,47778340,0.0643,1.795128
USA,34.4268,-176.4903,333287557,6.272,1.794728
PRT,38.44652,-9.04146,10409704,0.0033,1.791708
USA,33.0328,-133.35875,333287557,11.2884,1.79035
PER,-26.8718,-111.9128,34049588,2.4793,1.788169
PRI,28.7729,-51.0777,3221789,14.0381,1.788169
USA,34.0688,-141.6313,333287557,18.3446,1.784
ALB,39.419,19.619,2777689,0.2391,1.783333
USA,30.27395,-133.87145,333287557,13.3116,1.771433
ESP,42.377821,3.158952,47778340,0.0155,1.769333
ITA,38.632,10.684,58940425,1.2315,1.768116
USA,29.26285,-133.09065,333287557,13.222,1.764996
USA,34.8762,-145.52865,333287557,17.5446,1.743582
PRT,38.5197,-8.89348,10409704,0.0103,1.740947
CAN,29.8048,-39.3083,38929902,12.491,1.74051
USA,32.4304,-149.0767,333287557,13.5356,1.740337
ISR,33.074,35.101667,9557500,0.0022,1.736973
USA,31.7811,-134.0238,333287557,12.5293,1.735337
RUS,70.780208,58.386717,144236933,0.4526,1.731302
BGD,22.34364,91.869161,171186372,0.0081,1.729167
ESP,39.80334,4.813024,47778340,0.4802,1.724138
ISR,32.823667,35.035,9557500,0.0071,1.723577
IDN,6.497,92.2718,275501339,1.4709,1.713479
USA,31.21335,-142.13765,333287557,17.2192,1.708537
USA,36.0311,-150.3133,333287557,16.1883,1.707602
CHN,30.53,121.07,1412175000,0.055,1.70525
ITA,38.3797,9.52133,58940425,0.7249,1.702191
RUS,76.712225,144.514667,144236933,0.9791,1.702128
ALB,40.1265,19.3085,2777689,0.1754,1.701702
CAN,86.9682,-138.16,38929902,17.3402,1.7
ESP,39.4135,2.483333,47778340,0.0575,1.699456
USA,32.991073,-138,333287557,15.4536,1.698375
CAN,30.5454,-46.6554,38929902,17.3427,1.696222
USA,29.86825,-137.5749,333287557,16.5437,1.695865
USA,34.5145,-157.8488,333287557,12.1769,1.692872
USA,29.18025,-132.9814,333287557,13.1742,1.692349
ITA,43.3994,7.8494,58940425,0.4145,1.69186
ITA,44.38,8.9306,58940425,0.0267,1.69186
CHN,30.66,121.65,1412175000,0.1763,1.689791
USA,30.53885,-133.942,333287557,13.2129,1.688752
USA,36.0062,-150.3978,333287557,16.132,1.686723
ZAF,-33.7817,11.3967,59893885,6.5172,1.684795
ISR,32.983333,35.074333,9557500,0.0024,1.679375
USA,32.2592,-167.992,333287557,7.2428,1.674866
USA,32.40965,-148.92375,333287557,13.5967,1.674705
USA,30.4886,-144.7408,333287557,14.8266,1.674043
USA,28.6633,-147.0067,333287557,11.9409,1.671019
GRC,39.263,19.823,10426919,0.1894,1.67
BGD,22.378371,91.880612,171186372,0.0029,1.666667
USA,26.469167,-126.041667,333287557,8.1089,1.662539
RUS,77.841417,106.833958,144236933,0.2628,1.658375
USA,28.04,-140.48,333287557,16.6809,1.6563
HRV,44.076833,14.304167,3855600,0.3945,1.655813
RUS,72.9711,140.048433,144236933,0.3623,1.655629
USA,28.90445,-140.1662,333287557,17.4016,1.655169
USA,29.63565,-135.8724,333287557,15.2873,1.65324
USA,29.006415,-142.973,333287557,15.1765,1.652923
NAM,-32.9033,-11.3745,2567012,4.2461,1.649428
CHN,30.53,121.25,1412175000,0.1364,1.647126
BGD,22.378371,91.880612,171186372,0.0029,1.645833
USA,32.44905,-133.6769,333287557,11.8689,1.644937
GRC,35.2688,19.026,10426919,2.9789,1.643207
NAM,-33.043,-2.4258,2567012,10.4566,1.64305
ESP,40.46,5.2377,47778340,1.073,1.642842
USA,33.18635,-128.7975,333287557,7.5108,1.635606
ITA,37.109833,13.5065,58940425,0.1724,1.632864
USA,33.20055,-153.7201,333287557,12.2521,1.626228
BGD,22.378371,91.880612,171186372,0.0029,1.625
USA,36.43,-65.36,333287557,4.0988,1.619872
USA,34.3877,-170.019,333287557,8.7816,1.616302
USA,36.5084,-145.0356,333287557,19.1571,1.611358
USA,28.6582,-132.39195,333287557,12.9828,1.610358
BGD,22.36101,91.874887,171186372,0.0003,1.604167
ITA,42.106833,15.615167,58940425,0.1788,1.603376
USA,36.29165,-145.7333,333287557,18.5854,1.602424
USA,27.61,-82.7832,333287557,0.0735,1.6
JPN,31.5,138.001667,125124989,1.9964,1.598963
ALB,40.172,19.393333,2777689,0.0856,1.598639
USA,36.56795,-148.4156,333287557,17.4772,1.597692
ITA,40.533333,6.146667,58940425,1.9283,1.597341
USA,31.43865,-134.0859,333287557,12.7778,1.59384
USA,30.68,-67.94,333287557,3.4461,1.592444
ITA,43.355417,10.177333,58940425,0.1922,1.58825
BRA,-34.807,-40.0783,215313498,10.7095,1.586574
BGD,22.36101,91.874887,171186372,0.0003,1.583333
USA,35.8875,-139.3993,333287557,15.6591,1.583207
USA,33.5053,-143.057217,333287557,18.1376,1.582836
USA,33.497667,-143.0765,333287557,18.1185,1.582826
USA,34.0636,-141.6052,333287557,18.3218,1.582
JAM,17.932222,-76.84275,2827377,0.0114,1.58
USA,32.4983,-159.92,333287557,9.6662,1.578948
USA,36.79505,-133.1918,333287557,9.4845,1.578621
PRT,38.46124,-8.99428,10409704,0.0003,1.577503
USA,35.59465,-132.87865,333287557,9.7101,1.574961
CAN,32.822983,-37.958275,38929902,9.3564,1.573654
RUS,73.316767,69.457267,144236933,0.3417,1.572327
USA,30.9999,-135.403,333287557,14.1086,1.571052
CAN,32.195,-41.6066,38929902,12.5807,1.567788
USA,26.25525,-151.30095,333287557,7.2008,1.566289
ESP,41.373055,2.191604,47778340,0.0101,1.564667
ESP,36.273333,-6.241667,47778340,0.0877,1.563969
CHN,30.8,121.91,1412175000,0.0571,1.562064
USA,29.6857,-135.9594,333287557,15.3263,1.559172
USA,28.249665,-148.92908,333287557,10.2719,1.558805
TUR,37.148,25.407,84979913,0.022,1.557143
NAM,-32.278,-5.9515,2567012,7.88,1.554421
ITA,38.7111,10.47,58940425,1.0042,1.554174
USA,36.3728,-153.6528,333287557,15.2569,1.550254
USA,28.96625,-140.07585,333287557,17.511,1.549515
USA,34.4452,-176.4782,333287557,6.2919,1.546751
RUS,77.896233,102.44,144236933,0.3267,1.542416
USA,32.6319,-140.3102,333287557,17.6779,1.537
ISR,31.8705,34.6625,9557500,0.0015,1.536936
PRT,36.776667,-7.79,10409704,0.2134,1.531306
USA,33.56665,-151.05,333287557,13.6368,1.527513
CAN,27.5769,-44.3386,38929902,17.6003,1.5235
USA,34.1563,-179.988,333287557,5.9998,1.522606
DZA,38.909667,3.409833,44903225,0.4852,1.521605
BGD,22.378371,91.880612,171186372,0.0029,1.520833
RUS,77.648175,112.619233,144236933,1.0207,1.517451
ISR,32.152,34.783167,9557500,0.0056,1.514467
ISR,32.840167,34.951833,9557500,0.0069,1.513241
USA,36.84485,-132.94685,333287557,9.2383,1.511378
USA,34.0563,-139.9629,333287557,16.7882,1.51
AGO,-13.799537,2.217272,35588987,8.1537,1.5
CAN,86.9868,-135.84,38929902,16.8003,1.5
CHN,30.45,121.32,1412175000,0.1113,1.5
ESP,42.898653,-10.106613,47778340,0.815,1.5
GBR,47.455184,-8.243054,66971395,3.1279,1.5
LBR,-2.987251,-10.544067,5302681,6.2063,1.5
NAM,-23.490067,8.264683,2567012,5.7724,1.5
NAM,-24.909487,9.11735,2567012,5.4031,1.5
RUS,87.9905,-179.75,144236933,16.4041,1.5
SLE,1.714933,-15.998501,8605718,6.5986,1.5
DZA,36.78695,2.86953,44903225,0.0136,1.499804
USA,28.00345,-131.3996,333287557,12.502,1.481866
USA,29.301,-162.048,333287557,6.2556,1.481736
JAM,17.946306,-76.754944,2827377,0.0015,1.48
USA,29.00025,-139.1675,333287557,18.3003,1.478848
ESP,41.379079,2.194423,47778340,0.0114,1.477333
CAN,32.873333,-36.381667,38929902,8.2631,1.476141
DZA,36.760775,2.80062,44903225,0.046,1.473792
USA,28.56225,-132.25355,333287557,12.9284,1.471346
USA,30.44545,-133.93085,333287557,13.2617,1.468767
BHS,27.62,-72.5,409984,3.992,1.465596
USA,29.4452,-133.2606,333287557,13.271,1.455276
USA,20.57,-154.86,333287557,0.6923,1.452084
USA,33.6269,-139.7643,333287557,16.7691,1.452
USA,38.6405,-134.05505,333287557,9.813,1.450724
PRI,27.59,-55.51,3221789,10.3105,1.449752
ITA,35.4776,17.7784,58940425,2.8873,1.449001
ESP,36.1531,-6.0674,47778340,0.0476,1.448937
USA,27.94605,-131.32885,333287557,12.468,1.4459
USA,32.46245,-133.58405,333287557,11.7838,1.4442
DZA,36.728415,2.795861,44903225,0.0274,1.441786
DZA,36.78695,2.86953,44903225,0.0136,1.440699
ITA,38.801667,15.844667,58940425,0.1336,1.439939
BGD,22.36101,91.874887,171186372,0.0003,1.4375
BGD,22.378371,91.880612,171186372,0.0029,1.4375
USA,35.9653,-139.8182,333287557,16.0407,1.435495
USA,27.46875,-130.78575,333287557,12.2459,1.434491
ESP,41.403637,2.2193,47778340,0.0064,1.429333
BRA,-30.2798,-21.833,215313498,11.6953,1.427592
USA,34.0538,-139.9901,333287557,16.8144,1.427
MAR,29.840507,-37.229903,37457971,11.2358,1.421261
BGD,22.36101,91.874887,171186372,0.0003,1.416667
USA,27.488783,-144.98985,333287557,12.6538,1.415723
USA,27.50425,-144.989917,333287557,12.6635,1.415722
USA,34.5387,-176.3967,333287557,6.3959,1.411702
USA,32.7388,-165.2378,333287557,8.2015,1.408369
USA,33.110395,-153.10956,333287557,12.394,1.407189
ISR,32.584,34.9055,9557500,0.0061,1.407055
CHN,30.77,121.59,1412175000,0.0558,1.403375
USA,33.0283,-167.5915,333287557,8.0223,1.401489
GRC,35.2415,19.8529,10426919,2.3755,1.400998
ESP,41.373055,2.191604,47778340,0.0101,1.399333
USA,26.84925,-130.1594,333287557,12.0062,1.394636
USA,29.009007,-135.1075,333287557,15.0554,1.393601
USA,32.997127,-139.5635,333287557,16.8467,1.393483
USA,32.4745,-133.4965,333287557,11.704,1.389757
USA,34.24515,-154.3473,333287557,13.0248,1.387017
USA,31.001183,-135.9385,333287557,14.5542,1.386953
ISR,31.626,34.504333,9557500,0.0063,1.386821
USA,29.000985,-139.163,333287557,18.3045,1.382889
ESP,40.106333,3.7795,47778340,0.0724,1.381632
DZA,38.155,7.263,44903225,1.066,1.37987
PRT,37.4713,-15.1164,10409704,4.5175,1.378056
ITA,42.8895,10.2292,58940425,0.0756,1.37742
USA,30.5126,-144.822,333287557,14.7872,1.377096
DZA,38.18,1.581667,44903225,0.4695,1.374084
USA,27.36025,-130.705,333287557,12.2366,1.37327
USA,30.03,-145.4,333287557,14.0385,1.36212
ISR,31.626,34.504333,9557500,0.0063,1.359388
IND,8.634072,78.117547,1417173173,0.0105,1.356
DZA,37.975,1.333333,44903225,0.6667,1.352131
USA,29.057002,-134.558,333287557,14.5862,1.348287
USA,26.14,-143.12,333287557,13.4439,1.34614
ESP,42.2513,3.6462,47778340,0.3362,1.343269
JAM,17.951639,-76.81875,2827377,0.0074,1.34
JAM,17.94886,-76.82269,2827377,0.0049,1.34
USA,29.00001,-141.0635,333287557,16.7068,1.33967
USA,30.5344,-144.9059,333287557,14.7446,1.336759
USA,29.3194,-133.18895,333287557,13.2755,1.333847
USA,31.72955,-134.0345,333287557,12.5675,1.332058
USA,27.3318,-130.68475,333287557,12.2352,1.32478
USA,29.006683,-142.971,333287557,15.1783,1.321474
CHN,30.23,120.89,1412175000,0.0546,1.32
ESP,41.397303,2.21315,47778340,0.0075,1.319333
USA,29.37,-145.75,333287557,13.3215,1.31768
USA,27.57085,-130.8578,333287557,12.2526,1.316889
USA,38.42925,-152.3954,333287557,17.6245,1.315256
USA,32.8994,-140.2976,333287557,17.5526,1.314
BRA,-34.065,-14.785,215313498,3.8932,1.311559
USA,35.0319,-152.8238,333287557,14.2821,1.309742
USA,33.47,-151.63,333287557,13.3163,1.309736
CHN,30.23,121.8,1412175000,0.1524,1.307278
USA,31.8194,-133.9954,333287557,12.4841,1.305863
ITA,41.038333,18.533333,58940425,0.6512,1.30491
USA,20.27,-156.47,333287557,0.2544,1.304016
CHL,-28.8929,-102.5777,19603733,3.7684,1.303493
USA,32.0578,-137.9188,333287557,15.7638,1.303
CHN,30.53,121.52,1412175000,0.2493,1.299974
CAN,40.0895,-144.4545,38929902,17.6219,1.297126
USA,30.52,-64.86,333287557,1.7283,1.297104
RUS,73.112633,130.404533,144236933,0.935,1.296456
USA,32.42315,-148.99965,333287557,13.5689,1.295791
ISR,32.059167,34.748333,9557500,0.0032,1.294657
DZA,39.5432,5.139,44903225,0.8649,1.293024
AUS,-24.4935,96.4434,26005540,12.3021,1.286257
USA,31.83045,-133.93875,333287557,12.4313,1.285492
ESP,41.465446,2.282388,47778340,0.0072,1.280667
BHS,28.615167,-72.5195,409984,4.8758,1.277268
USA,36.0488,-150.23055,333287557,16.2375,1.271783
ESP,39.993333,1.616667,47778340,0.8334,1.265758
USA,27.31045,-130.6653,333287557,12.2306,1.264402
CHN,30.7,121.8,1412175000,0.1517,1.264101
DZA,36.78695,2.86953,44903225,0.0136,1.263382
USA,37.1755,-133.9495,333287557,10.0705,1.258641
CAN,39.78885,-139.73575,38929902,14.9461,1.250812
DZA,37.9629,4.3809,44903225,1.053,1.24692
NLD,52.36829,3.633658,17700982,0.5392,1.245991
JAM,17.946139,-76.756472,2827377,0.0016,1.24
USA,35.375,-148.85,333287557,16.2166,1.234553
RUS,76.98645,123.771633,144236933,3.1074,1.232539
USA,38.5759,-134.14955,333287557,9.9178,1.232119
ISR,31.7495,34.5525,9557500,0.0369,1.231094
PNG,20.51,162.01,10142619,4.7703,1.23
ITA,37.587,12.006,58940425,0.3686,1.223491
USA,32.46055,-133.6301,333287557,11.8234,1.222912
TTO,10.760339,-61.441728,1531044,0.0041,1.222222
JAM,17.949806,-76.820278,2827377,0.0057,1.22
ESP,41.379079,2.194423,47778340,0.0114,1.219333
ITA,35.7053,14.8884,58940425,0.3496,1.218947
USA,28.37305,-150.0215,333287557,9.6492,1.21843
GRC,39.26,19.792,10426919,0.2082,1.216667
USA,33.6857,-132.0339,333287557,9.8184,1.20877
USA,32.2103,-130.245,333287557,9.2493,1.203
USA,32.0494,-137.9246,333287557,15.7727,1.201
TUN,33.770319,10.253245,12356117,0.0028,1.200034
USA,27.7084,-82.6092,333287557,0.0189,1.2
ESP,41.403637,2.2193,47778340,0.0064,1.199333
ESP,41.045,3.341667,47778340,0.7826,1.19033
JAM,17.94925,-76.82475,2827377,0.0054,1.19
RUS,77.363725,118.639725,144236933,3.7797,1.189768
USA,28.58695,-132.28805,333287557,12.9413,1.189007
ESP,41.397303,2.21315,47778340,0.0075,1.188667
USA,37.6258,-147.19425,333287557,18.98,1.18797
ITA,42.166833,16.633167,58940425,0.53,1.187517
BGD,22.378371,91.880612,171186372,0.0029,1.1875
BGD,22.396006,91.887941,171186372,0.0057,1.1875
USA,23.65,-149.74,333287557,6.5464,1.186904
BRA,-29.5068,-19.5708,215313498,10.4858,1.181115
BHS,27.84,-71.39,409984,4.8056,1.178648
TUR,37.5,26.3,84979913,0.0983,1.176667
USA,36.85195,-132.87875,333287557,9.1725,1.176606
USA,27.84,-140.77,333287557,16.3294,1.175804
USA,28.3786,-149.9736,333287557,9.6833,1.175749
TUR,36.023,29.562,84979913,0.1492,1.173333
USA,36.42225,-153.62265,333287557,15.314,1.17109
USA,35.9262,-139.7735,333287557,16.0082,1.17056
USA,32.52175,-151.3149,333287557,12.5777,1.167266
USA,32.992298,-137.9975,333287557,15.4508,1.166769
USA,33.06,-148.13,333287557,14.5692,1.16548
ITA,38.201,7.813,58940425,0.967,1.164875
ALB,40.4495,19.132833,2777689,0.1583,1.163257
USA,40.4037,-148.0525,333287557,17.11,1.162565
USA,40.88965,-146.80875,333287557,17.1724,1.161321
ITA,41.024333,7.980667,58940425,0.2166,1.160655
JPN,31.996667,133.501667,125124989,0.8652,1.159636
USA,31.6068,-164.2543,333287557,7.5804,1.159447
ESP,41.849824,3.147244,47778340,0.0043,1.159333
USA,34.43125,-151.25375,333287557,14.3484,1.159275
ESP,36.0905,-5.1863,47778340,0.1564,1.158706
NAM,-33.82,2.264,2567012,13.8164,1.158296
USA,35.3843,-141.0217,333287557,17.3575,1.154449
USA,41.3388,-155.7317,333287557,13.947,1.153792
ESP,41.403637,2.2193,47778340,0.0064,1.152667
USA,36.273667,-149.92,333287557,16.5689,1.148941
USA,29.000035,-138.5655,333287557,17.8488,1.146122
BGD,22.378371,91.880612,171186372,0.0029,1.145833
BGD,22.396006,91.887941,171186372,0.0057,1.145833
PER,-28.5805,-104.3963,34049588,2.3679,1.142851
PRI,30.8735,-61.3126,3221789,3.6547,1.142851
BRA,-34.6662,-38.8243,215313498,11.6751,1.141893
ITA,37.648,12.145,58940425,0.3086,1.141079
ISR,33.074,35.101667,9557500,0.0022,1.139767
ISR,32.840167,34.951833,9557500,0.0069,1.138385
CHL,-32.7309,-86.3835,19603733,5.6953,1.138242
PRI,21.7367,-63.4227,3221789,3.1223,1.138242
ITA,43.5498,8.6342,58940425,0.6187,1.13745
USA,32.0809,-136.3499,333287557,14.3566,1.137
PER,-27.5502,-108.0495,34049588,1.2523,1.133215
ISR,32.823667,35.035,9557500,0.0071,1.130295
ITA,37.9775,12.359833,58940425,0.0495,1.127342
ESP,42.377821,3.158952,47778340,0.0155,1.126667
USA,25.68,-143.09,333287557,13.2501,1.125396
USA,27.9184,-131.28925,333287557,12.447,1.125328
USA,30.74,-75.17,333287557,4.0825,1.125268
BGD,22.396006,91.887941,171186372,0.0057,1.125
BRA,-31.94,-28.6897,215313498,11.3743,1.120932
CAN,31.3751,-41.7579,38929902,13.1854,1.120481
USA,31.06,-143.46,333287557,16.1393,1.117124
USA,26.48,-156.4,333287557,5.0225,1.114427
TTO,10.760339,-61.441728,1531044,0.0041,1.111111
ESP,41.285,2.741667,47778340,0.332,1.107242
USA,36.8589,-132.80485,333287557,9.1013,1.106487
IND,8.634072,78.117547,1417173173,0.0105,1.106
USA,25.5686,-149.1358,333287557,8.242,1.106
USA,28.999877,-141.0615,333287557,16.7083,1.102814
USA,20.35,-154.67,333287557,0.6358,1.1026
USA,36.32075,-153.6895,333287557,15.1949,1.100274
CHN,30.28,120.84,1412175000,0.0265,1.1
IND,8.634072,78.117547,1417173173,0.0105,1.1
JAM,17.94475,-76.8185,2827377,0.0005,1.1
RUS,76.817333,92.399167,144236933,0.8444,1.096732
DZA,36.760775,2.80062,44903225,0.046,1.096444
ITA,40.990333,8.5735,58940425,0.1156,1.096372
NAM,-26.2905,-11.288,2567012,10.8111,1.095319
TUN,34.001787,10.052079,12356117,0.0082,1.094618
DZA,38.619,3.205167,44903225,0.5533,1.094385
ALB,40.307167,19.338667,2777689,0.0283,1.094276
BHS,30.129333,-72.641167,409984,5.6987,1.093829
DZA,38.418333,2.066667,44903225,0.5391,1.092936
USA,31.5601,-134.0748,333287557,12.698,1.090723
USA,33.7601,-160.4152,333287557,10.8225,1.090297
ESP,40.910469,0.833376,47778340,0.0001,1.09
TUN,34.001787,10.052079,12356117,0.0082,1.085913
USA,17.55,-158.31,333287557,2.8457,1.085568
BRA,-29.9482,-20.712,215313498,11.0163,1.084698
ITA,40.202778,18.494444,58940425,0.0191,1.083976
MAR,35.447,-22.172667,37457971,3.2124,1.083789
ESP,41.397303,2.21315,47778340,0.0075,1.079333
USA,23.15,-144.69,333287557,10.7597,1.078548
USA,30.8125,-158.6852,333287557,8.4215,1.07848
USA,20.14,-148.94,333287557,5.9081,1.070216
ESP,41.379079,2.194423,47778340,0.0114,1.065333
USA,31.2437,-146.2043,333287557,14.3196,1.064675
TUR,36.9416,26.2047,84979913,0.1376,1.06327
BGD,22.396006,91.887941,171186372,0.0057,1.0625
TUR,35.2319,29.4278,84979913,0.9244,1.058379
USA,30.4876,-133.93585,333287557,13.2407,1.05689
USA,36.2547,-153.71465,333287557,15.1242,1.0534
USA,34.20425,-154.36715,333287557,12.9794,1.051438
BGR,42.589167,27.731667,6465097,0.0703,1.051344
USA,38.3837,-152.4547,333287557,17.563,1.048821
CAN,37.57,-64.9,38929902,5.1862,1.045376
USA,34.5922,-172.951,333287557,7.7379,1.041967
ISR,32.504167,34.885,9557500,0.0056,1.041667
DZA,39.3895,4.554,44903225,0.5013,1.040404
USA,32.5488,-146.9627,333287557,14.8232,1.039201
GBR,54.623167,-3.841833,66971395,0.1854,1.038491
RUS,76.679592,148.974008,144236933,0.0513,1.037883
ESP,41.397303,2.21315,47778340,0.0075,1.037333
USA,29.771,-162.6273,333287557,6.5308,1.033613
CAN,31.3922,-40.0811,38929902,11.8835,1.031906
BRA,-34.333,-15.9772,215313498,4.5764,1.03176
PRT,37.448333,-15.706667,10409704,4.3785,1.030352
ESP,41.379079,2.194423,47778340,0.0114,1.029333
USA,41.0398,-156.2367,333287557,14.108,1.028671
ITA,37.416,11.744,58940425,0.6088,1.02783
USA,33.0882,-153.04565,333287557,12.3988,1.02716
USA,38.6421,-133.9901,333287557,9.7488,1.027045
USA,34.0602,-139.9566,333287557,16.781,1.027
PRT,37.499433,-17.227333,10409704,4.4819,1.025428
ITA,44.28415,9.315583,58940425,0.0289,1.02435
USA,22.9623,-153.4928,333287557,3.3118,1.022849
ECU,-0.5,-86,18001000,3.2621,1.02
IND,8.816639,78.166639,1417173173,0.009,1.02
PER,-2.5,-87.5,34049588,2.3863,1.02
CAN,32.849874,-37.954877,38929902,9.3352,1.018862
MAR,36.367667,-24.207833,37457971,0.9926,1.018793
USA,22.9769,-153.4881,333287557,3.3249,1.015313
ESP,41.379079,2.194423,47778340,0.0114,1.014
ISR,32.504167,34.885,9557500,0.0056,1.01325
ITA,38.181,11.667,58940425,0.4132,1.012461
RUS,77.592725,113.229308,144236933,1.1489,1.012146
MAR,28.1603,-38.518,37457971,13.345,1.009762
USA,24.433283,-144.8647,333287557,11.1024,1.009209
USA,24.447233,-144.8661,333287557,11.1073,1.009204
USA,37.6226,-147.114,333287557,19.0156,1.00869
ESP,41.66,3.051667,47778340,0.1151,1.007811
MAR,35.987333,-23.399167,37457971,1.878,1.007811
ESP,42.366667,3.293333,47778340,0.0313,1.004
DZA,36.716517,2.788723,44903225,0.0218,1.003069
DZA,36.716517,2.788723,44903225,0.0218,1.003069
RUS,76.958908,127.177017,144236933,3.4122,1.003009
USA,31.68175,-134.04875,333287557,12.6066,1.00189
USA,29.6302,-134.14125,333287557,13.9096,1.000613
AGO,-17.524571,4.426897,35588987,7.2908,1
CAN,88.5118,-123.88,38929902,12.1115,1
CAN,87.6501,-133.3,38929902,15.4541,1
CAN,86.8767,-135.06,38929902,16.151,1
ESH,20.533562,-22.547634,4000,3.6923,1
ESH,19.453705,-23.284457,4000,2.6186,1
ESP,46.792624,-7.622545,47778340,2.9956,1
ESP,44.54368,-7.205424,47778340,0.8665,1
ESP,43.440208,-9.991523,47778340,0.8095,1
GAB,-10.533176,0.309348,2388992,8.0336,1
GBR,48.621609,-6.98466,66971395,1.458,1
LBR,-1.253473,-13.130966,5302681,6.7405,1
MAR,31.906977,-14.029951,37457971,2.5243,1
MAR,31.307273,-14.241033,37457971,1.9882,1
MAR,25.988782,-17.568702,37457971,1.704,1
MAR,24.446897,-19.833343,37457971,3.672,1
MAR,22.294707,-21.334325,37457971,4.3975,1
PRT,37.997997,-12.218874,10409704,2.818,1
RUS,89.7614,43.7088,144236933,9.2097,1
RUS,87.0606,175.479,144236933,16.1347,1
SEN,18.229404,-24.113661,17316449,1.3967,1
SEN,12.751589,-22.485699,17316449,2.3902,1
SLE,5.420712,-18.160678,8605718,5.6343,1
SLE,4.826573,-17.813351,8605718,5.5814,1
TTO,10.760339,-61.441728,1531044,0.0041,1
USA,82.394,-141.82,333287557,12.3571,1
USA,82.4763,-149.69,333287557,11.915,1
USA,82.6463,-154.18,333287557,11.4638,1
ITA,41.038,17.866833,58940425,0.3136,0.996134
USA,34.17,-64.37,333287557,1.8074,0.99568
USA,29.072067,-134.043,333287557,14.1339,0.995046
DZA,38.031,5.324,44903225,1.2482,0.995025
GRC,38.1824,20.8171,10426919,0.0487,0.994082
CHL,-33.1342,-81.2382,19603733,0.7371,0.992036
PRI,19.9432,-64.5649,3221789,1.2087,0.992036
PRT,37.623333,-24.34,10409704,0.8089,0.989921
ITA,44.34405,9.047283,58940425,0.0368,0.9891
TUN,33.786893,10.270481,12356117,0.0265,0.988857
NAM,-34.3584,6.2549,2567012,11.4005,0.988557
USA,32.5142,-151.2808,333287557,12.5856,0.987654
PER,-28.5805,-104.3963,34049588,2.3679,0.984862
USA,29.007052,-136.8455,333287557,16.4424,0.983232
ESP,39.975167,3.206333,47778340,0.0155,0.982179
GBR,54.741167,-3.892,66971395,0.0572,0.981702
ESP,41.598667,3.2855,47778340,0.2814,0.979013
GRC,36.957,25.362,10426919,0.0401,0.978571
USA,32.5517,-159.9608,333287557,9.71,0.977401
ISR,32.823667,35.035,9557500,0.0071,0.977288
BRA,-33.5729,-13.7057,215313498,3.7589,0.976803
ALB,40.083333,19.133333,2777689,0.326,0.976801
ITA,40.231167,18.506167,58940425,0.043,0.97561
ESP,36.575833,-4.313533,47778340,0.142,0.974583
DZA,36.773149,2.820132,44903225,0.0353,0.972465
ITA,38.1171,15.5872,58940425,0.0414,0.970529
PRT,38.5197,-8.89348,10409704,0.0103,0.970282
USA,20.5,-168.04,333287557,4.019,0.97
ITA,38.94,11.450667,58940425,1.115,0.967838
USA,34.4852,-176.4423,333287557,6.3365,0.967468
USA,28.63415,-132.3716,333287557,12.9805,0.963329
USA,34.0574,-141.3811,333287557,18.1132,0.96
ISR,32.152,34.783167,9557500,0.0056,0.957363
ESP,41.397303,2.21315,47778340,0.0075,0.956667
ESP,39.143,1.398667,47778340,0.0579,0.956359
GBR,56.001333,-3.413167,66971395,0.0102,0.954863
USA,28.39075,-149.92875,333287557,9.7208,0.954332
RUS,76.168817,88.949717,144236933,0.7204,0.953592
ESP,41.849824,3.147244,47778340,0.0043,0.953333
USA,33.525,-151.11665,333287557,13.5713,0.953208
USA,28.989643,-143.5405,333287557,14.7197,0.951916
RUS,72.525125,64.134225,144236933,2.8543,0.951777
ISR,32.152,34.783167,9557500,0.0056,0.949201
ITA,40.083333,18.834,58940425,0.3181,0.947603
ITA,40.8604,13.024,58940425,0.364,0.947126
USA,33.0118,-167.9233,333287557,7.9957,0.945924
USA,32.0309,-139.9165,333287557,17.5939,0.945
USA,30.68,-67.94,333287557,3.4461,0.944668
GRC,35.8531,26.9148,10426919,0.2474,0.944321
USA,26.5,-155.28,333287557,5.4943,0.94372
ESP,41.263153,1.963507,47778340,0.0015,0.942667
USA,28.999632,-140.4615,333287557,17.2058,0.942509
USA,39.97385,-130.30875,333287557,5.9182,0.941444
JAM,17.94878,-76.83517,2827377,0.0061,0.94
CAN,28.9639,-38.8362,38929902,12.8624,0.938901
ITA,42.6785,15.473833,58940425,0.6798,0.936929
USA,32.5205,-147.2988,333287557,14.598,0.936173
ISR,32.6775,34.920833,9557500,0.0077,0.935516
PRT,38.46124,-8.99428,10409704,0.0003,0.935326
USA,28.991327,-135.68,333287557,15.5288,0.934591
USA,26.28,-154.08,333287557,5.7562,0.934387
USA,34.0569,-139.9873,333287557,16.8107,0.933
ESP,41.575135,2.553135,47778340,0.0038,0.930667
MAR,33.7943,-35.1402,37457971,6.7836,0.930044
JPN,32.748333,133.503333,125124989,0.4758,0.929564
BRA,-28.032,-15.3368,215313498,9.5236,0.929115
ITA,40.031667,7.565,58940425,0.7996,0.928411
RUS,28.4783,175.315,144236933,12.6253,0.925087
USA,38.33615,-152.5177,333287557,17.4981,0.92334
ALB,39.655,19.982,2777689,0.0325,0.92
DZA,38.116,6.637,44903225,1.0369,0.919913
USA,29.00774,-137.451,333287557,16.9291,0.918348
DZA,36.716517,2.788723,44903225,0.0218,0.918063
MAR,28.94,-17.625,37457971,0.1783,0.915869
USA,29.009277,-135.1045,333287557,15.0529,0.914308
USA,32.47625,-133.46005,333287557,11.6726,0.91359
ESP,41.379079,2.194423,47778340,0.0114,0.912
USA,35.095,-179.9312,333287557,6.8915,0.910641
ESP,39.856167,4.3175,47778340,0.0159,0.910121
GRC,39.465,20.177,10426919,0.0453,0.91
USA,35.0628,-171.635,333287557,8.9076,0.9099
RUS,75.8033,127.302225,144236933,2.2669,0.909504
USA,29.000142,-138.5675,333287557,17.8504,0.907112
ITA,41.3924,10.892,58940425,0.9269,0.903488
USA,37.52595,-131.4816,333287557,7.6256,0.900901
CAN,88.6097,-121.8,38929902,11.5886,0.9
GRC,35.742,26.212,10426919,0.4345,0.9
RUS,23.02,175,144236933,9.1438,0.9
RUS,84.6056,-169.94,144236933,14.3792,0.9
RUS,85.3211,176.568,144236933,14.1881,0.9
USA,20.5,-175.97,333287557,5.9078,0.9
USA,27.95,-151.25,333287557,8.5846,0.897587
MAR,29.830845,-37.228385,37457971,11.2432,0.897001
GRC,39.26,19.748,10426919,0.2334,0.896667
ITA,43.978933,9.750217,58940425,0.1021,0.896025
BGD,22.378371,91.880612,171186372,0.0029,0.895833
CAN,32.0609,-47.6879,38929902,15.5561,0.894613
USA,35.53215,-132.90485,333287557,9.7633,0.894086
USA,24.37,-147.78,333287557,8.5491,0.892728
USA,24.37,-147.78,333287557,8.5491,0.892728
USA,24.37,-147.78,333287557,8.5491,0.892728
USA,24.37,-147.78,333287557,8.5491,0.892728
USA,24.37,-147.78,333287557,8.5491,0.892728
USA,24.37,-147.78,333287557,8.5491,0.892728
USA,24.37,-147.78,333287557,8.5491,0.892728
USA,24.37,-147.78,333287557,8.5491,0.892728
USA,24.37,-147.78,333287557,8.5491,0.892728
USA,24.37,-147.78,333287557,8.5491,0.892728
USA,24.37,-147.78,333287557,8.5491,0.892728
USA,24.37,-147.78,333287557,8.5491,0.892728
USA,24.37,-147.78,333287557,8.5491,0.892728
USA,24.37,-147.78,333287557,8.5491,0.892728
USA,24.37,-147.78,333287557,8.5491,0.892728
USA,24.37,-147.78,333287557,8.5491,0.892728
USA,24.37,-147.78,333287557,8.5491,0.892728
USA,29.007302,-136.8435,333287557,16.4407,0.89138
ISR,31.626,34.504333,9557500,0.0063,0.889996
TTO,10.760339,-61.441728,1531044,0.0041,0.888889
USA,26.24,-154.97,333287557,5.3671,0.887413
USA,32.51375,-151.22505,333287557,12.6094,0.887341
GBR,56.0985,-4.856833,66971395,0.0108,0.884534
ECU,0.5,-86,18001000,3.4649,0.88
ISR,33.074,35.101667,9557500,0.0022,0.879869
ITA,36.8935,15.326,58940425,0.0984,0.87668
ITA,44.113,9.68065,58940425,0.0205,0.876588
NAM,-25.3823,-9.2272,2567012,9.9864,0.876022
USA,40.3088,-178.9072,333287557,10.9087,0.874216
USA,33.35,-150.87,333287557,13.5169,0.874144
MAR,35.6619,-27.745187,37457971,2.754,0.870983
ISR,32.823667,35.035,9557500,0.0071,0.869503
BHS,25.65,-75.42,409984,0.8683,0.866092
USA,28.990773,-135.6835,333287557,15.532,0.86557
USA,40.5133,-150.16,333287557,16.1876,0.865162
USA,29.008225,-136.2595,333287557,15.978,0.864578
BHS,28.11,-71.53,409984,4.932,0.863932
ESP,41.397303,2.21315,47778340,0.0075,0.863333
USA,38.47405,-152.3359,333287557,17.5913,0.863263
ITA,38.206167,13.6005,58940425,0.1266,0.862085
GRC,37.9301,23.6659,10426919,0.0129,0.859628
USA,29.000943,-138.032,333287557,17.4073,0.857739
ITA,38.857,10.183,58940425,0.6823,0.857605
USA,35.002,-171.7438,333287557,8.7914,0.857074
CAN,39.751463,-33.346567,38929902,2.0885,0.856102
USA,32.998717,-139.5615,333287557,16.8442,0.855302
BRA,-34.6837,-36.4507,215313498,12.9569,0.854786
ISR,31.7495,34.5525,9557500,0.0369,0.854621
ESP,40.9526,2.0061,47778340,0.3113,0.85043
ESP,41.397303,2.21315,47778340,0.0075,0.848667
MAR,25.1705,-32.33525,37457971,10.6885,0.848419
PER,-27.2818,-108.9362,34049588,0.333,0.847522
PRI,29.2797,-53.6117,3221789,11.46,0.847522
USA,37.47505,-131.48945,333287557,7.6514,0.844273
USA,28.0462,-131.4639,333287557,12.5379,0.843368
PER,-27.5502,-108.0495,34049588,1.2523,0.840274
PRI,29.5392,-54.9628,3221789,10.0896,0.840274
GRC,37.787,23.701,10426919,0.0698,0.84
USA,29.007998,-136.255,333287557,15.9746,0.838474
USA,32.1733,-132.3321,333287557,10.9343,0.837
USA,28.83,-147.62,333287557,11.6072,0.836267
NLD,52.400634,3.641003,17700982,0.5573,0.834559
ESP,38.819,1.314,47778340,0.0394,0.831617
USA,34.057,-141.4002,333287557,18.1313,0.83
USA,29.018382,-139.8145,333287557,17.7595,0.82854
USA,28.74,-147.03,333287557,11.9803,0.827634
TUR,36.5377,26.5915,84979913,0.1333,0.827358
MAR,34.913333,-27.57,37457971,3.1458,0.824934
CAN,32.1936,-40.6542,38929902,11.8114,0.823753
CAN,30.5189,-42.0936,38929902,13.9794,0.823753
JPN,32.836667,133.836667,125124989,0.5245,0.823488
ITA,38.3695,15.198,58940425,0.1118,0.821611
USA,32.71,-64.76,333287557,0.3321,0.820736
USA,29.01001,-139.813,333287557,17.7563,0.81936
IDN,7.1605,134.489333,275501339,0.1011,0.817722
USA,33.6838,-132.8152,333287557,10.4887,0.816799
ITA,39.6665,18.366333,58940425,0.1301,0.815927
BRA,-28.3865,-16.3898,215313498,9.589,0.814427
ITA,43.168167,10.2515,58940425,0.276,0.813379
ISR,32.059167,34.748333,9557500,0.0032,0.812937
CHN,30.38,121.76,1412175000,0.2975,0.812098
USA,28.31835,-148.87605,333287557,10.3583,0.81151
CAN,29.7322,-46.0428,38929902,17.6364,0.810466
ISR,32.823667,35.035,9557500,0.0071,0.810304
MAR,32.81,-27.253333,37457971,4.6315,0.809166
USA,37.56655,-131.4851,333287557,7.6144,0.808203
DZA,36.773149,2.820132,44903225,0.0353,0.805757
NLD,52.331845,3.622473,17700982,0.5225,0.802647
PRT,37.070333,-9.014833,10409704,0.0298,0.801442
RUS,73.853194,75.889722,144236933,0.2825,0.801068
DZA,37.186667,0.304833,44903225,0.9225,0.800166
GBR,56.189333,-4.776,66971395,0.0041,0.800057
PER,-2,-92,34049588,1.1454,0.8
USA,18.46,-157.58,333287557,1.7835,0.799436
USA,29.072267,-134.0445,333287557,14.1351,0.79943
BRA,-29.1203,-18.5112,215313498,10.082,0.79937
DZA,36.773149,2.820132,44903225,0.0353,0.798811
CHL,-29.1922,-100.739,19603733,5.4518,0.798458
USA,32.0423,-140.202,333287557,17.8441,0.798
ISR,32.840167,34.951833,9557500,0.0069,0.797519
ISR,31.8705,34.6625,9557500,0.0015,0.796266
USA,31.6661,-148.79285,333287557,13.0396,0.795527
USA,29.008008,-137.4495,333287557,16.9277,0.795394
USA,31.16,-67.29,333287557,2.6514,0.794816
ITA,40.432333,5.630667,58940425,1.4116,0.793325
USA,25.57665,-154.25865,333287557,5.042,0.791407
CAN,40.3673,-140.9322,38929902,15.1906,0.789479
USA,27.54155,-130.8354,333287557,12.2491,0.788529
USA,28.61695,-132.34115,333287557,12.9662,0.788452
ISR,32.584,34.9055,9557500,0.0061,0.787879
ITA,38.259167,15.081667,58940425,0.1122,0.78763
TUR,37.321,25.6121,84979913,0.1415,0.786388
USA,29.05571,-134.5405,333287557,14.5717,0.784123
ITA,40.761167,17.783333,58940425,0.0289,0.783875
MNE,41.824833,19.21,617213,0.0937,0.783476
GRC,39.4,19.898,10426919,0.0333,0.783333
BRA,-33.2383,-32.0515,215313498,12.9418,0.782976
PRT,37.48095,-17.852117,10409704,4.6285,0.782937
USA,19.62,-146.5,333287557,8.3148,0.782908
ISR,31.746667,34.593,9557500,0.0018,0.78064
ALB,39.899,19.125,2777689,0.4675,0.78
ECU,-1.5,-89,18001000,0.6228,0.78
ITA,42.98,10.0595,58940425,0.1834,0.779296
CHN,30.62,121.29,1412175000,0.0728,0.778166
TTO,10.760339,-61.441728,1531044,0.0041,0.777778
TTO,10.758064,-61.436573,1531044,0.0012,0.777778
USA,33.71115,-143.807,333287557,17.7594,0.775949
ITA,40.4505,18.533167,58940425,0.1951,0.775862
ESP,40.187667,4.439,47778340,0.2649,0.77567
ITA,38.19171,8.8,58940425,0.6884,0.775194
ITA,38.637,14.523667,58940425,0.0536,0.773862
USA,32.0564,-137.9218,333287557,15.7672,0.767
MAR,34.7375,-9.526,37457971,1.7751,0.766243
USA,38.28955,-152.5767,333287557,17.4355,0.764954
ITA,38.690833,12.840333,58940425,0.313,0.760417
USA,31.7191,-148.7428,333287557,13.1114,0.758546
USA,31.44525,-134.083,333287557,12.7716,0.757866
DZA,36.731746,2.773019,44903225,0.0432,0.757046
NAM,-33.2157,-1.2692,2567012,11.207,0.756299
ESP,41.403637,2.2193,47778340,0.0064,0.754
USA,35.0003,-171.9347,333287557,8.6702,0.753836
USA,36.48745,-153.60735,333287557,15.3802,0.750804
USA,28.999668,-140.458,333287557,17.2088,0.749445
USA,39.94575,-151.4542,333287557,16.3484,0.743711
GRC,36.278,25.2,10426919,0.1798,0.742857
USA,29.001168,-138.0285,333287557,17.4043,0.741419
ESP,41.575135,2.553135,47778340,0.0038,0.741333
ESP,39.272017,2.217867,47778340,0.3052,0.740681
ISR,32.983333,35.074333,9557500,0.0024,0.740592
MAR,36.156167,-23.8035,37457971,1.4456,0.739937
ESP,41.263153,1.963507,47778340,0.0015,0.738667
CAN,28.0164,-42.8324,38929902,16.2018,0.735177
ISR,32.6775,34.920833,9557500,0.0077,0.734994
NAM,-24.9143,-8.2032,2567012,9.2269,0.732867
ECU,-2.5,-82,18001000,1.0406,0.73
IND,8.816639,78.166639,1417173173,0.009,0.73
USA,26.7912,-130.06355,333287557,11.9233,0.729317
USA,26.88465,-130.1919,333287557,12.0315,0.726409
USA,33.1373,-159.246,333287557,10.4452,0.725397
TUN,33.919014,10.128889,12356117,0.0268,0.724807
DZA,36.728415,2.795861,44903225,0.0274,0.724014
IND,8.634072,78.117547,1417173173,0.0105,0.723
ISR,31.626,34.504333,9557500,0.0063,0.722132
JAM,17.94839,-76.81881,2827377,0.0042,0.72
USA,26.79615,-130.09925,333287557,11.9573,0.719813
CHL,-29.3441,-99.7966,19603733,6.3529,0.719204
USA,27.5019,-130.80875,333287557,12.2476,0.718984
RUS,73.787222,71.412083,144236933,0.3707,0.718907
CAN,26.2599,-43.1399,38929902,17.6821,0.717462
GRC,39.26,19.771,10426919,0.221,0.716667
USA,31.50265,-134.0831,333287557,12.7381,0.716268
MNE,41.499833,18.366333,617213,0.8749,0.716146
ITA,44.240431,8.469206,58940425,0.0305,0.709184
ESP,39.621333,3.994,47778340,0.2809,0.708051
USA,31.24935,-146.28115,333287557,14.2713,0.707951
USA,33.6709,-132.8623,333287557,10.5359,0.705246
DZA,36.760775,2.80062,44903225,0.046,0.704857
JPN,32.501667,133.491667,125124989,0.5128,0.704088
USA,34.20235,-137.37605,333287557,14.3541,0.703392
ITA,38.888833,8.561833,58940425,0.0394,0.702357
RUS,77.504083,98.401517,144236933,1.0199,0.701508
ECU,-1.5,-86,18001000,3.3471,0.7
GRC,39.494,20.166,10426919,0.0371,0.7
USA,38.45935,-130.4462,333287557,6.344,0.699219
USA,25.1354,-150.4719,333287557,6.9982,0.698
ITA,40.778833,17.826667,58940425,0.0655,0.697014
USA,33.64,-64.9,333287557,1.2712,0.696544
PRT,37.098333,-9.62,10409704,0.6269,0.696373
USA,36.4778,-179.353,333287557,8.1457,0.696373
PRT,38.192183,-21.451867,10409704,3.7018,0.695597
BRA,-35.1497,-47.8308,215313498,4.9478,0.693518
AUS,-16.593,145.9435,26005540,0.2749,0.693459
PRI,28.72,-61.33,3221789,4.9235,0.692944
USA,24.408,-144.860833,333287557,11.0946,0.692863
USA,24.426767,-144.863633,333287557,11.1004,0.692854
USA,37.2971,-140.7126,333287557,16.6043,0.691
ESP,37.524483,-0.7165,47778340,0.0776,0.690494
JAM,17.94561,-76.75758,2827377,0.002,0.69
NAM,-32.618,-4.8462,2567012,8.5996,0.689868
BRA,-32.795,-32.393333,215313498,12.5872,0.687988
USA,34.9327,-141.896,333287557,18.3244,0.68775
BGD,22.396006,91.887941,171186372,0.0057,0.6875
BGD,22.396006,91.887941,171186372,0.0057,0.6875
ITA,39.372,11.636,58940425,1.4377,0.686521
GBR,55.9735,-4.816167,66971395,0.0087,0.6863
GRC,36.683,21.665,10426919,0.0651,0.685714
GRC,35.478,25.04,10426919,0.0665,0.683333
USA,28.51325,-132.18175,333287557,12.9005,0.682223
ITA,37.108,13.613333,58940425,0.1073,0.681445
ITA,41.169333,8.834333,58940425,0.1513,0.680946
IND,8.634072,78.117547,1417173173,0.0105,0.68
USA,35.319,-132.9537,333287557,9.903,0.678457
IDN,6.983333,134.281667,275501339,0.034,0.678005
ESP,41.575135,2.553135,47778340,0.0038,0.677333
BRA,-32.831,-30.8133,215313498,12.3353,0.677092
USA,34.9987,-171.8237,333287557,8.7384,0.676039
USA,31.07,-65.99,333287557,1.6282,0.675716
ESP,41.397303,2.21315,47778340,0.0075,0.675333
BRA,-35.082,-45.0112,215313498,6.991,0.673608
ESP,41.389383,2.203525,47778340,0.0104,0.670667
CHN,30.27,121.9,1412175000,0.1424,0.670134
JAM,17.932333,-76.843306,2827377,0.0118,0.67
USA,34.4929,-133.71795,333287557,10.928,0.66966
PER,-27.149167,-99.461833,34049588,6.0366,0.669648
NAM,-26.8388,-12.2565,2567012,10.217,0.668826
BGD,22.396006,91.887941,171186372,0.0057,0.666667
TTO,10.760339,-61.441728,1531044,0.0041,0.666667
CHL,-29.8994,-97.9295,19603733,8.2764,0.666079
USA,34.360313,-150.425565,333287557,14.6201,0.665633
PRI,27.97,-60.07,3221789,6.3417,0.663968
RUS,74.967017,127.796233,144236933,1.428,0.66335
GRC,39.487,20.079,10426919,0.0384,0.663333
PRI,26.9,-57.57,3221789,8.9395,0.662268
USA,32.1257,-148.25085,333287557,13.7236,0.662175
PER,-3,-86,34049588,3.955,0.66
ITA,39.208333,11.8425,58940425,1.2326,0.659117
USA,27.16,-152.72,333287557,7.147,0.654547
CHL,-29.0453,-101.7302,19603733,4.5351,0.654493
USA,32.079,-64.6316,333287557,0.2419,0.654493
USA,26.8175,-130.12895,333287557,11.9824,0.6541
USA,35.3822,-179.893,333287557,7.1621,0.651202
USA,35.37085,-132.9414,333287557,9.8726,0.650244
ECU,-2,-82,18001000,1.001,0.65
ECU,1,-82,18001000,1.9094,0.65
ISL,64.328167,-22.139667,382003,0.0401,0.649773
TUN,37.033,11.8219,12356117,0.2269,0.649689
USA,28.0315,-131.4227,333287557,12.5088,0.64902
USA,29.98,-140,333287557,18.1396,0.646904
USA,34.14805,-154.3767,333287557,12.9238,0.646543
ESP,41.704333,4.672833,47778340,1.4607,0.64623
CYP,34.7179,33.678,1251488,0.1266,0.645262
USA,25.7102,-154.14835,333287557,5.2084,0.645052
IDN,6.4975,92.207667,275501339,1.5309,0.644635
AUS,-17.65406,120.14442,26005540,1.8105,0.644222
RUS,69.372361,46.56375,144236933,1.1144,0.643501
MAR,38.829667,-28.285,37457971,0.0804,0.642699
USA,33.64905,-133.01355,333287557,10.6781,0.641622
RUS,72.708472,64.848472,144236933,2.4217,0.640889
DZA,36.731746,2.773019,44903225,0.0432,0.640578
USA,39.98695,-130.389,333287557,5.9972,0.640253
USA,20.9881,-154.3699,333287557,1.312,0.640223
CHN,30.29,121.01,1412175000,0.0587,0.64
IND,8.816639,78.166639,1417173173,0.009,0.64
USA,28.661667,-125.658333,333287557,7.3036,0.639515
RUS,74.91905,160.856967,144236933,3.9982,0.638162
ESP,36.344533,-4.964,47778340,0.1165,0.637449
DZA,36.728415,2.795861,44903225,0.0274,0.636633
USA,28.990018,-143.5385,333287557,14.7215,0.636328
ESP,41.379079,2.194423,47778340,0.0114,0.635333
ISR,32.726333,34.939,9557500,0.0032,0.635222
USA,26.61,-153.31,333287557,6.3823,0.63396
USA,26.7433,-130.0524,333287557,11.9218,0.633044
USA,19.3403,-156.087,333287557,0.189,0.631646
ECU,1,-84,18001000,3.7057,0.63
ECU,-2,-89,18001000,0.8638,0.63
MAR,34.4452,-34.4855,37457971,5.8778,0.628887
USA,28.906667,-125.701667,333287557,7.3358,0.627746
DZA,36.731746,2.773019,44903225,0.0432,0.627637
ITA,38.336833,15.521667,58940425,0.0349,0.627129
JPN,33.2582,151.1831,125124989,9.3618,0.627065
ITA,38.5025,15.721833,58940425,0.1681,0.626766
BRA,-33.4538,-33.1737,215313498,13.429,0.623436
ISR,32.903333,35.071,9557500,0.0074,0.622654
USA,26.71075,-130.09475,333287557,11.9698,0.622319
RUS,75.222367,159.797533,144236933,3.6408,0.621891
ECU,0.5,-89,18001000,1.2092,0.62
IND,8.816639,78.166639,1417173173,0.009,0.62
JAM,17.94622,-76.81917,2827377,0.0021,0.62
RUS,25,169.99,144236933,6.6093,0.62
RUS,73.347508,130.268267,144236933,0.8658,0.619195
ITA,43.7724,7.652,58940425,0.0188,0.61915
USA,32.84,-147.81,333287557,14.5621,0.618428
USA,19.0051,-155.5729,333287557,0.0143,0.617719
USA,26.95735,-130.6939,333287557,12.4516,0.616756
USA,26.21,-144.53,333287557,12.2739,0.615428
TUR,36.0671,26.9649,84979913,0.3279,0.614802
USA,33.1848,-159.229,333287557,10.4955,0.613721
GRC,34.816,26.13,10426919,0.1833,0.613333
DOM,20.8,-68.79,11228821,1.5029,0.610152
ECU,0.5,-82,18001000,1.7428,0.61
ECU,-2.5,-86,18001000,3.707,0.61
USA,28.14,-152.5,333287557,8.1134,0.607613
USA,33.77235,-132.7587,333287557,10.3956,0.605422
NAM,-24.3825,-7.267,2567012,8.5008,0.604966
BRA,-31.4843,-26.3197,215313498,11.2612,0.604671
ITA,44.3159,8.5101,58940425,0.0086,0.60424
CAN,39.750645,-33.360217,38929902,2.1019,0.603952
PRI,23.35,-60.12,3221789,5.7858,0.602352
MAR,33.319833,-18.511667,37457971,1.3571,0.602067
ITA,44.230539,9.106589,58940425,0.1051,0.600998
JPN,32.836667,133.661667,125124989,0.5425,0.600919
USA,31.61485,-134.05885,333287557,12.6533,0.600369
RUS,30.077,168.133,144236933,10.875,0.600285
ECU,-1,-86,18001000,3.2669,0.6
TUR,36.086,28.22,84979913,0.1248,0.6
ITA,39.001,9.2785,58940425,0.195,0.597923
CAN,44.03,-59.03,38929902,0.6774,0.592752
USA,31.5483,-123.3117,333287557,3.791,0.591976
USA,23.35,-144.31,333287557,11.1851,0.591576
ITA,35.7544,15.6989,58940425,1.0777,0.591474
USA,22.9915,-153.4777,333287557,3.3424,0.591322
ESP,41.263153,1.963507,47778340,0.0015,0.590667
ECU,-2,-86,18001000,3.4977,0.59
USA,33.7154,-132.7717,333287557,10.4352,0.589552
ITA,41.4995,16.916833,58940425,0.3629,0.5886
PHL,10.743017,124.164733,115559009,0.1374,0.588512
ISR,32.279667,34.825,9557500,0.0115,0.588339
BRA,-33.4867,-19.0997,215313498,7.671,0.587665
ESP,42.18,3.24,47778340,0.0637,0.587
ISR,32.903333,35.071,9557500,0.0074,0.585366
USA,33.02275,-133.41515,333287557,11.3418,0.585087
MAR,34.431667,-27.53,37457971,3.449,0.583664
GBR,56.198333,-4.753333,66971395,0.001,0.583215
CYP,34.372,34.2181,1251488,0.605,0.582702
USA,42.1925,-130.178667,333287557,5.6484,0.580413
USA,42.176667,-130.189,333287557,5.6605,0.580413
CHN,30.57,121.94,1412175000,0.2889,0.58
BRA,-34.0419,-18.1859,215313498,6.6036,0.577445
GRC,39.286,19.847,10426919,0.1582,0.576667
TUR,37.7,26.4,84979913,0.0403,0.576667
USA,34.0553,-139.9837,333287557,16.8079,0.576
FJI,-18.56495,176.50677,929766,0.9349,0.575242
ITA,43.4473,8.3581,58940425,0.535,0.574977
USA,42.215,-130.156667,333287557,5.6241,0.574347
USA,42.228833,-130.1415,333287557,5.6075,0.574342
ESP,37.455,-0.876667,47778340,0.1119,0.573
ISR,32.059167,34.748333,9557500,0.0032,0.572597
RUS,75.8727,156.528833,144236933,1.2143,0.571755
ESP,37.128667,-1.692333,47778340,0.1416,0.570222
CHN,30.3,120.93,1412175000,0.076,0.57
USA,20.5,-171.98,333287557,4.47,0.57
ISR,32.584,34.9055,9557500,0.0061,0.566621
USA,14.12,-157.12,333287557,4.9996,0.566396
USA,40.492,-178.7088,333287557,10.7312,0.565339
USA,24.03,-138.44,333287557,16.9874,0.56472
USA,36.17985,-153.7338,333287557,15.0476,0.563965
MAR,29.827087,-37.216312,37457971,11.24,0.561627
USA,24.28,-143.99,333287557,11.8299,0.560888
USA,33.7558,-162.7216,333287557,10.2096,0.560793
ITA,40.220556,18.498056,58940425,0.0308,0.56057
ESP,41.175724,1.526081,47778340,0.0077,0.56
RUS,25,175.03,144236933,10.1376,0.56
CHL,-29.1922,-100.739,19603733,5.4518,0.559632
USA,32.32,-64.4322,333287557,0.2208,0.559632
USA,33.9484,-130.8887,333287557,8.718,0.558433
USA,34.3742,-150.30375,333287557,14.6854,0.558239
ITA,44.29785,9.149569,58940425,0.0254,0.557809
ITA,43.2464,8.0701,58940425,0.6164,0.557798
PRT,38.229467,-21.044283,10409704,4.1111,0.556656
JPN,30.501667,136.993333,125124989,3.1764,0.555717
ESP,36.56,-4.195,47778340,0.1547,0.555693
RUS,73.530192,151.328925,144236933,1.5369,0.555556
TTO,10.760339,-61.441728,1531044,0.0041,0.555556
ITA,40.682,6.926833,58940425,1.2079,0.55515
GRC,36.239,22.33,10426919,0.2212,0.554762
USA,35.42255,-132.9495,333287557,9.8557,0.551901
PRT,37.354233,-13.465,10409704,4.1975,0.551471
USA,40.2372,-146.2703,333287557,17.9907,0.549051
PER,-28.33,-105.331,34049588,1.8696,0.54851
PRI,30.073,-58.7081,3221789,6.3676,0.54851
ITA,43.4316,7.8389,58940425,0.3807,0.54767
USA,27.6269,-142.9212,333287557,14.3982,0.546338
DZA,38.4047,5.4506,44903225,1.5976,0.545829
USA,33.0558,-152.95935,333287557,12.4037,0.544286
USA,22.11,-141.71,333287557,13.3602,0.544172
PRT,38.43987,-9.09325,10409704,0.0035,0.543901
MAR,28.638333,-16.388333,37457971,0.0978,0.543882
PER,-27.2818,-108.9362,34049588,0.333,0.543718
ITA,41.058333,8.106667,58940425,0.1191,0.543099
ITA,40.72,17.971,58940425,0.0517,0.543033
DZA,38.918333,3.78,44903225,0.705,0.54251
DZA,38.87,4.353333,44903225,0.9523,0.542422
GBR,54.624,-3.841167,66971395,0.185,0.540037
ECU,1,-86,18001000,3.6656,0.54
ECU,-1,-92,18001000,0.5084,0.54
MNE,42.180167,18.833333,617213,0.0891,0.539659
USA,40.2005,-156.707,333287557,14.8279,0.539575
BGR,42.884167,27.989167,6465097,0.0886,0.536849
GBR,57.776333,-5.898667,66971395,0.0941,0.53572
CAN,37.83,-63.73,38929902,5.523,0.535636
MAR,38.337167,-28.489333,37457971,0.0747,0.535475
ESP,36.563333,-2.678333,47778340,0.1225,0.535
ESP,40.910469,0.833376,47778340,0.0001,0.532
CHL,-42.981667,-73.185,19603733,0.1803,0.53139
USA,28.3132,-150.38495,333287557,9.3803,0.530791
ECU,0,-86,18001000,3.3277,0.53
ITA,40.275278,17.493333,58940425,0.0316,0.529742
USA,34.0202,-154.4145,333287557,12.7913,0.528724
BRA,-32.5913,-19.948,215313498,8.8498,0.528047
GRC,40.221,25.218,10426919,0.2123,0.526667
ESP,41.575135,2.553135,47778340,0.0038,0.526
USA,32.2366,-165.914,333287557,7.5154,0.52549
DZA,38.067333,7.042,44903225,0.9927,0.524865
ITA,44.310153,9.150061,58940425,0.0144,0.52381
USA,33.0136,-168.1356,333287557,7.9983,0.523041
RUS,74.416667,81.690194,144236933,0.695,0.522648
CHN,30.36,121.48,1412175000,0.0839,0.5219
PRT,37.29075,-12.971667,10409704,3.7573,0.521318
USA,34.0618,-139.9844,333287557,16.8062,0.521
CRI,2,-92,5180829,0.3357,0.52
JAM,17.94803,-76.82367,2827377,0.0041,0.52
USA,28.08715,-149.1777,333287557,9.9831,0.517986
PRT,38.42905,-9.14605,10409704,0.0021,0.517937
RUS,75.105317,127.977592,144236933,1.5883,0.517598
MAR,36.481667,-27.823333,37457971,1.9307,0.515413
ITA,41.263167,6.970167,58940425,1.2531,0.515066
USA,35.4712,-132.92745,333287557,9.8126,0.514966
CHL,-29.5605,-98.8063,19603733,7.3382,0.514732
USA,31.535,-64.2677,333287557,0.8957,0.514732
USA,19.95,-156.16,333287557,0.2057,0.51448
ITA,42.721317,10.179883,58940425,0.0152,0.514425
USA,36.292,-150.04125,333287557,16.5363,0.513742
JPN,33.17,133.83,125124989,0.2992,0.513641
USA,35.8771,-132.573,333287557,9.3069,0.51324
ITA,38.7505,14.391667,58940425,0.2022,0.512617
JPN,31,131.508333,125124989,0.4081,0.511874
MAR,34.602833,-9.525,37457971,1.6648,0.511379
ECU,-0.5,-89,18001000,0.3148,0.51
USA,30.694833,-123.965167,333287557,4.8486,0.509152
BGR,42.661667,27.775833,6465097,0.0363,0.508715
PER,-28.33,-105.331,34049588,1.8696,0.507228
USA,42.586,-129.913533,333287557,5.3525,0.506766
USA,42.573183,-129.924617,333287557,5.3642,0.50676
ESP,41.373055,2.191604,47778340,0.0101,0.504667
ESP,41.849824,3.147244,47778340,0.0043,0.504
MAR,35.228333,-7.22,37457971,0.9778,0.503652
CHL,-28.0065,-93.923333,19603733,11.6388,0.501772
USA,22.4065,-153.7625,333287557,2.7556,0.501453
AGO,-14.387384,2.563517,35588987,8.3599,0.5
AGO,-15.04753,2.953221,35588987,8.6507,0.5
CAN,87.9254,-130.91,38929902,14.1936,0.5
CIV,-7.309898,-4.062083,28160542,8.3566,0.5
ECU,-1,-82,18001000,1.0858,0.5
ESH,21.225387,-22.072782,4000,4.447,0.5
ESP,42.429848,-10.274465,47778340,1.0991,0.5
GBR,48.966248,-6.154177,66971395,0.9542,0.5
GHA,-8.289957,-2.585943,33475870,8.2119,0.5
GNB,10.292062,-21.02427,2105566,4.736,0.5
GNB,8.245011,-19.81675,2105566,4.5685,0.5
GNB,7.183664,-19.193286,2105566,4.886,0.5
MAR,29.928016,-14.721467,37457971,1.1531,0.5
MAR,25.164051,-18.900932,37457971,2.6389,0.5
MAR,23.008329,-20.839212,37457971,4.0584,0.5
NAM,-18.18641,4.823897,2567012,6.9234,0.5
NAM,-18.890864,5.248044,2567012,6.6059,0.5
NAM,-21.168574,6.88935,2567012,5.7912,0.5
PRT,35.32825,-13.339565,10409704,3.6914,0.5
RUS,84.9017,-175.91,144236933,13.4901,0.5
RUS,86.3528,174.321,144236933,15.7938,0.5
RUS,88.7471,61.6513,144236933,7.0686,0.5
SEN,14.322473,-23.426466,17316449,0.5956,0.5
SEN,13.723365,-23.066972,17316449,1.2693,0.5
SLE,3.950536,-17.30187,8605718,5.6578,0.5
SLE,3.316269,-16.931831,8605718,5.824,0.5
USA,86.7524,-140.86,333287557,16.8002,0.5
USA,84.4969,-143.82,333287557,14.3728,0.5
ATA,-60.3388,-60.5325,40,2.1464,0.499663
ITA,37.595333,15.204667,58940425,0.0276,0.498871
ITA,40.017222,17.885278,58940425,0.0914,0.497203
USA,35.6865,-139.2023,333287557,15.528,0.496439
PRT,38.141317,-21.774583,10409704,3.3757,0.495735
ATA,-63.8753,-56.0937,40,0.3179,0.495175
USA,34.1497,-179.9897,333287557,5.9939,0.49496
USA,24.52,-148.47,333287557,8.0818,0.494368
MAR,32.8725,-17.342833,37457971,0.1059,0.494305
USA,33.65155,-132.9671,333287557,10.6365,0.493343
JPN,28.998333,131.006667,125124989,1.1592,0.492985
MAR,29.318667,-31.791333,37457971,9.6786,0.492551
CAN,29.695,-42.4807,38929902,14.8057,0.491595
GRC,37.912383,23.68495,10426919,0.0202,0.49096
GRC,35.638,24.672,10426919,0.2128,0.490476
GRC,35.467,25.165,10426919,0.1181,0.490476
ECU,-0.5,-92,18001000,0.3678,0.49
USA,33.64765,-133.0587,333287557,10.7181,0.489709
ITA,40.254722,17.380833,58940425,0.0785,0.488145
USA,27.91,-153.84,333287557,7.3345,0.486787
USA,35.12,-65.57,333287557,2.8739,0.48668
ISR,32.171667,34.791167,9557500,0.0051,0.485889
PRT,37.8956,-19.30635,10409704,5.45,0.485255
ISR,32.903333,35.071,9557500,0.0074,0.484765
BHS,26.82,-72.94,409984,3.079,0.48476
BRA,-24.1104,-33.9573,215313498,5.8112,0.484645
PER,-26.0652,-118.5125,34049588,6.4185,0.484645
ITA,38.854,17.137833,58940425,0.0564,0.482652
CHL,-30.5732,-96.2025,19603733,10.1278,0.482059
PRI,29.7453,-63.2167,3221789,2.9691,0.482059
USA,15.25,-157.55,333287557,4.109,0.481356
USA,19.73,-146.63,333287557,8.1871,0.4812
USA,31.904,-137.2726,333287557,15.2548,0.479
ESP,41.263153,1.963507,47778340,0.0015,0.478667
ITA,43.520017,10.193883,58940425,0.1105,0.476025
USA,34.0573,-141.3898,333287557,18.1214,0.476
ITA,35.7511,15.8737,58940425,1.1835,0.475341
PRI,26.38,-60.11,3221789,7.504,0.47516
ESP,41.397303,2.21315,47778340,0.0075,0.474
PHL,10.562,126.789167,115559009,0.8708,0.473899
MAR,34.4425,-9.997,37457971,1.8699,0.473298
USA,28.28735,-150.41955,333287557,9.3389,0.472955
ISR,32.903333,35.071,9557500,0.0074,0.47138
USA,26.67355,-130.11035,333287557,11.9926,0.471239
ITA,40.2678,9.6363,58940425,0.0074,0.470255
ESP,42.090428,-27.467325,47778340,3.0343,0.470024
ECU,-0.71,-90.65,18001000,0.1092,0.47
ECU,0,-89,18001000,0.7285,0.47
MAR,38.071667,-26.491667,37457971,0.6686,0.469528
ESP,44.349167,-4.863,47778340,0.8809,0.469466
USA,20.61,-155,333287557,0.654,0.46908
USA,26.91925,-130.6392,333287557,12.4284,0.468736
PRT,38.302483,-19.782367,10409704,5.3743,0.467905
USA,20.15,-147.77,333287557,7.0734,0.467188
ESP,45.215167,-5.775,47778340,1.5541,0.466853
DOM,26.68,-70.05,11228821,5.0844,0.466524
ESP,40.666667,2.538333,47778340,0.7563,0.466447
USA,40.98115,-147.32935,333287557,16.8789,0.466438
USA,27.1,-154.37,333287557,6.3831,0.465907
BGR,42.765,27.9875,6465097,0.0904,0.46548
MAR,37.958333,-26.056667,37457971,0.2205,0.463599
IND,8.744239,78.170497,1417173173,0.0082,0.463
USA,33.6587,-132.91725,333287557,10.5897,0.462912
USA,27.4209,-146.4596,333287557,11.4693,0.462
PRI,23.05,-64.92,3221789,4.3356,0.461664
PRT,37.343333,-11.301667,10409704,2.2665,0.461502
AUS,-20.06907,116.34478,26005540,0.645,0.461482
PRT,39.878333,-15.076667,10409704,5.6806,0.461147
CAN,43.6962,-134.5772,38929902,8.9789,0.461119
USA,41.16905,-150.0632,333287557,15.6056,0.460891
ESP,41.389383,2.203525,47778340,0.0104,0.460667
PRT,38.361667,-9.348333,10409704,0.1303,0.460526
CRI,1.5,-90.5,5180829,0.8973,0.46
JAM,17.94864,-76.83483,2827377,0.0058,0.46
ITA,36.1462,14.1726,58940425,0.0814,0.458419
ITA,38.583333,15.773,58940425,0.0769,0.456912
ALB,39.849,19.291,2777689,0.3503,0.456667
IND,8.634072,78.117547,1417173173,0.0105,0.456
PRT,39.593333,-18.65,10409704,6.7226,0.45584
BHS,25.68,-76.78,409984,0.1242,0.455724
PRI,26.2,-58.48,3221789,8.7159,0.455724
ITA,38.086,11.957,58940425,0.1235,0.454545
ESP,41.263153,1.963507,47778340,0.0015,0.454
USA,34.0135,-179.9885,333287557,5.8631,0.453911
PRI,24.82,-59.86,3221789,7.1685,0.45378
ESP,41.397303,2.21315,47778340,0.0075,0.453333
DZA,37.574233,1.05875,44903225,1.0688,0.453225
USA,30.989,-165.4256,333287557,6.5037,0.452806
ESP,42.377821,3.158952,47778340,0.0155,0.452667
DZA,37.868833,1.651667,44903225,0.7857,0.45255
USA,19.24,-143.41,333287557,11.4072,0.452324
USA,32.5498,-165.8103,333287557,7.8451,0.451976
CAN,45.763833,-129.340667,38929902,4.577,0.451787
CAN,45.751167,-129.353167,38929902,4.5946,0.451786
CAN,38.6913,-141.772,38929902,17.0393,0.451741
USA,31.1333,-174.3002,333287557,4.2066,0.450485
ESP,36.583333,-2.71,47778340,0.099,0.449964
BHS,23.78,-75.08,409984,0.0494,0.449244
USA,40.38,-157.49,333287557,14.5203,0.44862
USA,40.38,-157.49,333287557,14.5203,0.44862
USA,40.38,-157.49,333287557,14.5203,0.44862
USA,40.38,-157.49,333287557,14.5203,0.44862
USA,40.38,-157.49,333287557,14.5203,0.44862
USA,40.38,-157.49,333287557,14.5203,0.44862
USA,40.38,-157.49,333287557,14.5203,0.44862
USA,40.38,-157.49,333287557,14.5203,0.44862
USA,40.38,-157.49,333287557,14.5203,0.44862
USA,40.38,-157.49,333287557,14.5203,0.44862
USA,40.38,-157.49,333287557,14.5203,0.44862
USA,40.38,-157.49,333287557,14.5203,0.44862
USA,40.38,-157.49,333287557,14.5203,0.44862
USA,40.38,-157.49,333287557,14.5203,0.44862
USA,40.38,-157.49,333287557,14.5203,0.44862
USA,40.38,-157.49,333287557,14.5203,0.44862
USA,40.38,-157.49,333287557,14.5203,0.44862
USA,19.51,-144.23,333287557,10.5841,0.448132
IDN,6.8465,94.835833,275501339,0.9129,0.444696
MAR,37.71,-25.598333,37457971,0.0267,0.444409
ESP,41.263153,1.963507,47778340,0.0015,0.442667
GRC,37.95355,23.57475,10426919,0.0016,0.442573
ESP,41.405,2.268333,47778340,0.0311,0.441
USA,20.5,-179.97,333287557,8.0608,0.44
ITA,44.310153,9.150061,58940425,0.0144,0.439924
RUS,76.864658,136.479067,144236933,1.2623,0.438789
USA,31.5611,-152.6133,333287557,11.1776,0.438661
PRI,25.68,-57.85,3221789,8.8962,0.438272
ESP,42.3302,3.4784,47778340,0.1608,0.43785
USA,33.8761,-148.17765,333287557,15.2377,0.437536
GBR,56.473167,-6.669667,66971395,0.0826,0.436183
ESP,41.175724,1.526081,47778340,0.0077,0.436
ESP,37.455,-0.876667,47778340,0.1119,0.435
ESP,40.727833,4.1565,47778340,0.6505,0.433829
RUS,71.532361,61.299722,144236933,1.6778,0.433088
IND,8.634072,78.117547,1417173173,0.0105,0.433
USA,24.59,-143.47,333287557,12.431,0.432716
USA,30.93,-64.6,333287557,1.3387,0.431964
RUS,74.941567,160.74385,144236933,4.0126,0.431406
ESP,38.388333,1.368333,47778340,0.2519,0.430959
ITA,44.411064,8.751844,58940425,0.0195,0.43004
ALB,39.86,19.313,2777689,0.3328,0.43
ECU,-1.5,-82,18001000,1.1478,0.43
JPN,33.166667,134,125124989,0.1661,0.427381
MAR,37.115,-27.92,37457971,1.2905,0.427363
ITA,43.4446,8.0662,58940425,0.4219,0.426723
ESP,41.066,4.021,47778340,0.9902,0.426341
USA,37.2045,-133.865,333287557,9.9812,0.425735
AUS,-20.0718,116.337,26005540,0.6484,0.425588
USA,32.066667,-152.482917,333287557,11.6958,0.424833
USA,30.0368,-150.34875,333287557,10.8289,0.424666
PRT,35.70565,-7.4255,10409704,1.3439,0.424356
USA,24.448917,-144.86675,333287557,11.1075,0.423907
USA,24.465,-144.868033,333287557,11.1135,0.423904
ISR,32.171667,34.791167,9557500,0.0051,0.423477
ALB,39.402,19.677,2777689,0.198,0.423333
ISR,33.074,35.101667,9557500,0.0022,0.422535
ESP,41.849824,3.147244,47778340,0.0043,0.421333
IRL,47.89658,-9.026751,5127170,3.3775,0.421108
GRC,37.9245,23.592133,10426919,0.0337,0.421007
ESP,42.377821,3.158952,47778340,0.0155,0.420667
CHN,30.51,121.83,1412175000,0.3273,0.42
ECU,-1,-89,18001000,0.3633,0.42
ECU,-1.3,-91,18001000,0.3063,0.42
ECU,-1.5,-92,18001000,0.7555,0.42
IND,8.493267,78.127822,1417173173,0.0011,0.42
USA,35.26665,-132.96325,333287557,9.9312,0.418786
CAN,49.104,-66.756,38929902,0.0201,0.418316
JPN,30.191,160.4028,125124989,8.7172,0.417249
EST,58.070317,23.41535,1348840,0.2997,0.416986
ESP,36.3635,-4.835833,47778340,0.137,0.416761
BGD,22.396006,91.887941,171186372,0.0057,0.416667
BGD,22.396006,91.887941,171186372,0.0057,0.416667
ESP,41.465446,2.282388,47778340,0.0072,0.416667
GRC,37.902,23.615,10426919,0.0334,0.416667
GRC,37.924,23.32,10426919,0.0557,0.416667
BHS,26.82,-72.94,409984,3.079,0.414688
JPN,33,133.833333,125124989,0.4014,0.413351
ITA,44.230539,9.106589,58940425,0.1051,0.413022
ESP,40.910469,0.833376,47778340,0.0001,0.412
ITA,38.823667,15.918167,58940425,0.1218,0.411917
PRT,38.43987,-9.09325,10409704,0.0035,0.411862
ITA,40.020556,17.950556,58940425,0.0404,0.411627
ISR,32.823667,35.035,9557500,0.0071,0.411184
PRT,38.48294,-8.94286,10409704,0.0014,0.411184
JAM,17.948417,-76.8345,2827377,0.0055,0.41
JAM,17.93206,-76.84219,2827377,0.0109,0.41
USA,21.15,-142.77,333287557,12.1557,0.40792
MAR,35.67006,-27.74245,37457971,2.7462,0.406777
GRC,39.904,24.302,10426919,0.2213,0.406667
ESP,42.079707,-27.473114,47778340,3.0227,0.406509
USA,30.5422,-163.2292,333287557,7.1174,0.40573
CAN,31.5865,-62.7727,38929902,2.0314,0.405544
CHL,-28.8929,-102.5777,19603733,3.7684,0.405544
JPN,29.493333,130,125124989,0.2868,0.405486
PRT,38.46124,-8.99428,10409704,0.0003,0.404855
FJI,-18.5685,176.5024,929766,0.9404,0.40401
PRI,28.25,-64.89,3221789,3.9985,0.403888
PER,-28.7311,-103.5486,34049588,2.9644,0.403431
MYS,1.885833,110.366667,33938221,0.091,0.403167
USA,40.88055,-146.87765,333287557,17.1522,0.402879
MAR,35.677333,-27.739887,37457971,2.7393,0.402588
USA,26.8595,-130.5453,333287557,12.3835,0.402258
ALB,39.6665,19.132167,2777689,0.501,0.402047
USA,33.64,-64.9,333287557,1.2712,0.401728
CAN,88.9613,-78.621,38929902,6.0132,0.4
CAN,88.6493,-125.86,38929902,12.7219,0.4
CAN,88.3172,-125.31,38929902,12.2625,0.4
CAN,86.2319,-138.81,38929902,16.5805,0.4
RUS,88.3891,42.1193,144236933,8.2399,0.4
USA,82.293,-143.86,333287557,12.1703,0.4
ESP,41.175724,1.526081,47778340,0.0077,0.399333
USA,19.96,-146.64,333287557,8.1866,0.398492
USA,30.2817,-176.8333,333287557,2.1291,0.398483
ESP,44.378488,-21.873764,47778340,7.3067,0.397995
ITA,40.32,17.438056,58940425,0.011,0.396501
JPN,31,138.501667,125124989,1.6023,0.396186
ITA,43.7653,8.0349,58940425,0.1115,0.395915
PRI,26.97,-65.18,3221789,5.2885,0.395684
BHS,29.92,-77.72,409984,2.9933,0.395248
PRT,39.753333,-13.928333,10409704,4.5302,0.394657
AUS,-33.1609,152.7061,26005540,0.6533,0.394594
JPN,32.0859,153.1712,125124989,7.8094,0.394404
ESP,37.299167,-1.209167,47778340,0.2481,0.394101
ITA,36.929167,15.3425,58940425,0.0813,0.393604
HRV,43.046833,15.271,3855600,0.7106,0.393552
AUS,-33.16257,152.70397,26005540,0.6526,0.393085
ISR,32.726333,34.939,9557500,0.0032,0.392887
ITA,44.329069,8.749319,58940425,0.094,0.392784
ITA,43.7728,7.5458,58940425,0.0118,0.39112
ITA,44.277375,8.462589,58940425,0.0158,0.390936
CHL,-30.2413,-97.0948,19603733,9.1777,0.390376
USA,25.6292,-158.9848,333287557,3.419,0.390079
DZA,37.622,1.5215,44903225,1.0242,0.389258
JAM,18.76,-77.02,2827377,0.3452,0.388768
USA,19.96,-146.64,333287557,8.1866,0.38872
USA,31.5383,-156.8608,333287557,9.643,0.388498
ITA,40.366167,7.5385,58940425,0.6498,0.38831
MAR,33.736667,-19.181667,37457971,2.1377,0.388245
ESP,41.849824,3.147244,47778340,0.0043,0.387333
GRC,36.017,23.163,10426919,0.1566,0.385714
IND,8.634072,78.117547,1417173173,0.0105,0.385
USA,34.93,-64.6,333287557,2.5425,0.384448
USA,33.35,-64.77,333287557,0.9659,0.384448
ITA,39.9159,18.6212,58940425,0.1958,0.38436
USA,33.7467,-131.7753,333287557,9.5674,0.383834
AUS,-28.33793,153.92417,26005540,0.3339,0.383471
JPN,26.3517,152.2958,125124989,2.6207,0.382521
CAN,32.99,-63.46,38929902,1.3405,0.382384
USA,32.109,-148.10945,333287557,13.7903,0.382203
CAN,39.750647,-33.372163,38929902,2.1137,0.38154
PRI,28.53,-58.78,3221789,7.0086,0.380128
ECU,0.5,-92,18001000,0.6365,0.38
GRC,35.3542,27.087,10426919,0.07,0.379982
USA,26.83415,-130.4905,333287557,12.3343,0.379932
JPN,30.498333,136.503333,125124989,3.0277,0.379727
USA,25.94,-146.58,333287557,10.4454,0.378224
USA,31.65705,-146.9711,333287557,14.1215,0.377715
USA,35.4108,-179.8732,333287557,7.1856,0.377592
ESP,40.910469,0.833376,47778340,0.0001,0.377333
USA,40.0162,-151.63895,333287557,16.2342,0.377236
PER,-27.022,-110.9803,34049588,1.5355,0.376668
PRI,28.907,-51.8931,3221789,13.2158,0.376668
JPN,33.248333,133.503333,125124989,0.166,0.375841
USA,30.82,-71.28,333287557,6.1315,0.375808
USA,38.4919,-130.43175,333287557,6.321,0.375259
MAR,29.105,-18.315,37457971,0.4513,0.375251
BGD,22.378371,91.880612,171186372,0.0029,0.375
AUS,-28.3363,153.9244,26005540,0.334,0.373859
IDN,6.4847,92.2643,275501339,1.4823,0.373378
CAN,34.98,-64.22,38929902,2.6312,0.37294
PRT,38.5197,-8.89348,10409704,0.0103,0.372222
ESP,41.575135,2.553135,47778340,0.0038,0.371333
GBR,55.991667,-6.680667,66971395,0.2732,0.371159
USA,26.9801,-147.644,333287557,10.2958,0.371
PRI,30.77,-61.33,3221789,3.6822,0.370372
USA,19.62,-146.5,333287557,8.3148,0.369644
IDN,-0.562667,130.487833,275501339,0.0406,0.369431
USA,33.25,-64.86,333287557,0.8808,0.369332
RUS,74.922317,160.875033,144236933,4.003,0.36846
MAR,33.4238,-35.0883,37457971,7.0627,0.367589
MDG,-23.554167,43.613,29611714,0.0826,0.367015
TUR,37.6,26.5,84979913,0.1248,0.366667
PNG,-1.977333,143.641167,10142619,0.8227,0.366069
ITA,40.221389,18.566667,58940425,0.0915,0.365369
USA,27.03455,-130.82,333287557,12.5123,0.364115
USA,2.89,-137.24,333287557,11.3695,0.363376
CHL,-29.3441,-99.7966,19603733,6.3529,0.363335
USA,31.9644,-64.5448,333287557,0.3856,0.363335
USA,34.3688,-169.1825,333287557,8.9633,0.3622
RUS,74.921583,163.163075,144236933,4.3085,0.362188
ITA,36.965833,13.902,58940425,0.1333,0.362114
USA,39.1247,-156.9162,333287557,15.8491,0.36183
IND,8.816639,78.166639,1417173173,0.009,0.361
ITA,42.888333,10.211033,58940425,0.0745,0.360438
CUB,24.48,-83.17,11212191,1.0304,0.359712
USA,22.4,-153.7755,333287557,2.7413,0.35932
USA,39.389,-136.1213,333287557,11.7595,0.358
PRT,38.44652,-9.04146,10409704,0.0033,0.357182
TUR,37.543,25.541,84979913,0.1069,0.357143
USA,33.09,-156.27,333287557,11.2967,0.356852
ESP,41.397303,2.21315,47778340,0.0075,0.356667
PRI,21.53,-65.82,3221789,3.0714,0.356372
USA,37.18,-66.13,333287557,5.0071,0.356372
USA,30.65,-68.53,333287557,3.9914,0.356372
ITA,40.546,10.0493,58940425,0.2235,0.356287
RUS,76.841642,129.101592,144236933,3.5075,0.355619
RUS,76.455467,151.647067,144236933,0.9613,0.355619
CAN,28.5522,-50.1026,38929902,15.0373,0.355369
PER,-26.6982,-112.871,34049588,3.4522,0.355369
USA,25.64925,-154.19815,333287557,5.1326,0.355209
USA,26.8,-166.54,333287557,2.3049,0.35514
USA,24.3578,-146.7665,333287557,9.3955,0.354517
PRT,38.48294,-8.94286,10409704,0.0014,0.354447
MAR,26.3333,-37.7217,37457971,14.5415,0.354302
BHS,27.47,-71.08,409984,4.7426,0.354212
IND,8.634072,78.117547,1417173173,0.0105,0.354
USA,20.9955,-154.3647,333287557,1.321,0.353437
USA,32.2027,-156.8332,333287557,10.2923,0.352969
USA,32.57,-151.69,333287557,12.4655,0.35128
USA,42.197333,-130.174,333287557,5.6433,0.351267
USA,42.211167,-130.1615,333287557,5.6293,0.35126
AUS,-16.932167,146.194,26005540,0.2414,0.350663
JPN,32.833333,133.173333,125124989,0.1729,0.350295
BGD,21.5125,91.987222,171186372,0.012,0.35
CRI,1.5,-92,5180829,0.1498,0.35
ECU,0,-82,18001000,1.5097,0.35
ESP,42.414333,-8.934833,47778340,0.0506,0.349503
USA,32.0683,-137.2199,333287557,15.1329,0.349
ITA,39.545167,8.174,58940425,0.2258,0.347719
ITA,38.385167,15.223667,58940425,0.1211,0.347309
MAR,37.1165,-25.218167,37457971,0.1117,0.347222
MAR,34.450167,-19.984333,37457971,3.1821,0.346855
ALB,39.644,19.985,2777689,0.0429,0.346667
JPN,22.4588,155.2998,125124989,2.2494,0.345741
ITA,38.859333,15.936,58940425,0.1487,0.34566
ESP,40.26,1.848333,47778340,0.8243,0.345602
GRC,37.912383,23.68495,10426919,0.0202,0.345238
ESP,37.508333,-0.878333,47778340,0.064,0.345
ITA,37.252333,13.144667,58940425,0.1943,0.344158
ITA,44.273233,9.1401,58940425,0.0515,0.343975
BHS,26.98,-72.55,409984,3.4204,0.343412
ITA,40.7305,10.1585,58940425,0.3881,0.343292
PRT,38.43987,-9.09325,10409704,0.0035,0.34311
CHL,-33.0195,-83.4213,19603733,2.7389,0.342431
PRI,20.4521,-64.1968,3221789,1.7103,0.342431
ESP,41.849824,3.147244,47778340,0.0043,0.342
GBR,56.112167,-2.881667,66971395,0.0762,0.341743
GBR,55.306,-5.222667,66971395,0.1321,0.341669
USA,26.7181,-150.57685,333287557,8.0279,0.341454
CAN,28.849,-42.5947,38929902,15.4549,0.341016
USA,39.1098,-130.1168,333287557,5.8614,0.340995
ITA,40.216667,18.541111,58940425,0.0668,0.340447
USA,19.43,-145.47,333287557,9.3444,0.34034
ECU,-0.5,-82,18001000,1.219,0.34
GRC,39.484,20.119,10426919,0.048,0.34
IND,8.493267,78.127822,1417173173,0.0011,0.34
ITA,38.8955,8.907167,58940425,0.0131,0.33955
USA,32.5552,-169.6959,333287557,7.0786,0.339035
ISR,32.823667,35.035,9557500,0.0071,0.338855
MAR,32.136667,-27.08,37457971,5.175,0.338155
USA,25.107,-128.1097,333287557,10.5106,0.338139
BHS,26.14,-73.19,409984,2.3671,0.338128
ESP,36.99625,-0.63875,47778340,0.6111,0.338094
ITA,45.421,13.282333,58940425,0.231,0.338072
PER,-26.47041,-105.35747,34049588,0.1022,0.33767
BGD,21.5125,91.987222,171186372,0.012,0.3375
BGD,21.4625,91.906944,171186372,0.0243,0.3375
CAN,45.776167,-129.313167,38929902,4.5504,0.337314
CAN,45.776167,-129.313167,38929902,4.5504,0.337307
ESP,41.753333,3.063333,47778340,0.0399,0.335
IND,8.744239,78.170497,1417173173,0.0082,0.335
RUS,74.911967,160.944933,144236933,3.9995,0.334896
USA,34.4678,-176.4583,333287557,6.317,0.334819
BHS,29.87,-72.42,409984,5.7165,0.334772
USA,33.02,-152.9,333287557,12.3951,0.334328
GBR,55.4295,-4.946167,66971395,0.1346,0.334232
MAR,34.890333,-20.3715,37457971,3.7439,0.333855
ITA,37.2615,15.270167,58940425,0.0183,0.333747
PRT,39.748333,-23.893333,10409704,2.28,0.333333
CAN,34,-62.45,38929902,2.7372,0.333332
PRI,29.44,-59.88,3221789,5.5927,0.332612
CAN,27.1221,-42.9629,38929902,16.9302,0.332158
ITA,40.731,8.047833,58940425,0.086,0.331779
ITA,37.7375,15.6405,58940425,0.2143,0.33127
JAM,17.95203,-76.8415,2827377,0.0126,0.33
ITA,42.9287,10.1732,58940425,0.1101,0.329775
ITA,42.78475,10.484983,58940425,0.0521,0.329563
PRT,38.5197,-8.89348,10409704,0.0103,0.329469
NAM,-33.2573,-12.4862,2567012,3.8034,0.32932
MDG,-21.049,68.4367,29611714,5.1274,0.32823
USA,30.55,-67.18,333287557,2.8677,0.32716
JPN,32.828333,133.34,125124989,0.3111,0.327113
USA,34.5663,-147.3776,333287557,16.2442,0.326856
DOM,25.49,-68.24,11228821,4.9204,0.326672
GRC,37.9,24.7,10426919,0.0114,0.326667
USA,25.94,-146.58,333287557,10.4454,0.326132
USA,25.94,-146.58,333287557,10.4454,0.326132
USA,25.94,-146.58,333287557,10.4454,0.326132
USA,25.94,-146.58,333287557,10.4454,0.326132
USA,25.94,-146.58,333287557,10.4454,0.326132
USA,25.94,-146.58,333287557,10.4454,0.326132
USA,25.94,-146.58,333287557,10.4454,0.326132
USA,25.94,-146.58,333287557,10.4454,0.326132
USA,25.94,-146.58,333287557,10.4454,0.326132
USA,25.94,-146.58,333287557,10.4454,0.326132
USA,25.94,-146.58,333287557,10.4454,0.326132
USA,25.94,-146.58,333287557,10.4454,0.326132
USA,25.94,-146.58,333287557,10.4454,0.326132
USA,25.94,-146.58,333287557,10.4454,0.326132
USA,25.94,-146.58,333287557,10.4454,0.326132
USA,25.94,-146.58,333287557,10.4454,0.326132
USA,25.94,-146.58,333287557,10.4454,0.326132
ESP,40.910469,0.833376,47778340,0.0001,0.326
USA,30.1206,-165.4097,333287557,5.7238,0.325786
GBR,57.667833,-6.565667,66971395,0.0791,0.325543
ESP,41.575135,2.553135,47778340,0.0038,0.324
USA,37.1,-66.96,333287557,5.1245,0.323976
PRT,39.595,-13.568333,10409704,4.1459,0.323625
USA,41.016205,-147.426105,333287557,16.809,0.3235
GBR,56.129667,-4.897333,66971395,0.0035,0.323111
USA,34.2,-77.2667,333287557,0.3243,0.323
IDN,2.396667,128.133333,275501339,0.0172,0.322802
MAR,35.020383,-8.9726,37457971,1.7697,0.322781
USA,32.1176,-148.19875,333287557,13.7464,0.322387
ALB,40.503833,19.226667,2777689,0.0991,0.32175
USA,26.9979,-130.7584,333287557,12.4819,0.320443
USA,30.84,-73.5,333287557,4.8208,0.320376
CRI,1,-92,5180829,0.4107,0.32
JAM,17.94647,-76.75131,2827377,0.0015,0.32
USA,34.0572,-141.4107,333287557,18.1411,0.32
JPN,33.16,133.661667,125124989,0.3279,0.319665
BHS,29.69,-70.36,409984,6.0551,0.319656
RUS,69.877361,52.247083,144236933,1.2254,0.319489
USA,29.4539,-153.52,333287557,8.8848,0.319302
ESP,36.085,-5.193333,47778340,0.1507,0.318841
PRT,38.43987,-9.09325,10409704,0.0035,0.318562
USA,27.60835,-152.26665,333287557,7.7625,0.318286
ESP,37.56,-0.861667,47778340,0.0164,0.318
USA,34.5692,-147.24665,333287557,16.3165,0.317912
ISR,31.626,34.504333,9557500,0.0063,0.317426
PRI,27.9,-61.37,3221789,5.5319,0.315336
PRT,39.705,-15.61,10409704,6.1777,0.315091
PRI,30.06,-60.4,3221789,4.833,0.314816
USA,13.69,-156.87,333287557,5.3513,0.313744
PER,-24.6527,-124.7923,34049588,0.0125,0.313656
USA,14.71,-157.43,333287557,4.5484,0.313264
USA,31.965333,-123.7225,333287557,3.8728,0.312822
BGD,21.5125,91.987222,171186372,0.012,0.3125
BGD,21.483056,91.96,171186372,0.0162,0.3125
PRI,25.97,-57.67,3221789,9.2361,0.312224
USA,19.24,-143.41,333287557,11.4072,0.311752
GBR,55.685167,-5.403333,66971395,0.0294,0.311406
USA,26.9158,-130.22555,333287557,12.0589,0.311213
GBR,54.6145,-4.706167,66971395,0.1541,0.310891
JAM,17.94617,-76.75767,2827377,0.0015,0.31
RUS,78.12,177.5,144236933,6.9803,0.31
SLB,19.03,175.01,724273,7.449,0.31
CAN,46.842333,-71.167667,38929902,0.0077,0.309933
TUN,33.936532,10.134875,12356117,0.0426,0.309219
USA,31.02,-71.56,333287557,5.7936,0.308856
ITA,40.012667,11.417333,58940425,1.6695,0.30879
ESP,36.41,-3.878333,47778340,0.3273,0.308642
RUS,30.4993,166.0763,144236933,11.2075,0.308357
ITA,41.996167,15.7655,58940425,0.0745,0.308071
PRI,30.13,-60.46,3221789,4.7471,0.306068
ITA,41.6075,7.4315,58940425,0.9777,0.305976
ITA,40.218333,18.530278,58940425,0.058,0.30581
USA,26.6,-142.77,333287557,13.9768,0.305316
BGR,43.016667,27.999167,6465097,0.1003,0.304738
USA,47.67425,-144.665,333287557,11.8562,0.304642
BHS,27.99,-77.55,409984,1.0711,0.304536
IDN,-0.175667,130.161167,275501339,0.0613,0.304502
BRA,-23.0308,-30.8532,215313498,2.8777,0.303663
PER,-26.0422,-119.432,34049588,5.5187,0.303663
JPN,31.501667,134.001667,125124989,1.5601,0.303323
ESP,37.455,-0.876667,47778340,0.1119,0.303
USA,33.47,-65.13,333287557,1.1727,0.302312
USA,40.94225,-147.2525,333287557,16.9448,0.302308
CUB,20.6,-73.83,11212191,0.3609,0.302256
RUS,77.226258,124.386508,144236933,3.2817,0.30012
ECU,-3,-82,18001000,1.2807,0.3
IND,8.744239,78.170497,1417173173,0.0082,0.3
IND,8.634072,78.117547,1417173173,0.0105,0.3
IND,8.634072,78.117547,1417173173,0.0105,0.3
JAM,17.95056,-76.82939,2827377,0.007,0.3
USA,83.1181,-159.13,333287557,12.0037,0.3
DZA,37.7341,3.8056,44903225,0.8197,0.299882
CAN,35.7,-61.98,38929902,4.2681,0.299496
HRV,45.336667,13.318833,3855600,0.2185,0.298631
USA,31.75,-69.28,333287557,4.4262,0.298056
NAM,-27.222,-13.266,2567012,9.8819,0.297317
ESP,42.028333,3.75,47778340,0.5181,0.297018
ITA,43.6011,7.4884,58940425,0.144,0.295986
AUS,-15.486,145.625667,26005540,0.3215,0.295497
USA,22.0984,-160.9692,333287557,0.7649,0.29312
USA,26.64255,-130.07915,333287557,11.9684,0.292958
USA,32.8404,-170.0683,333287557,7.2585,0.292834
USA,34.361559,-151.176779,333287557,14.3137,0.292719
MAR,29.144,-37.2309,37457971,11.8325,0.292299
ESP,39.147,0.76,47778340,0.4974,0.291729
BHS,26.2,-72.85,409984,2.6124,0.291496
DZA,36.731746,2.773019,44903225,0.0432,0.291172
GRC,37.9,24.7,10426919,0.0114,0.29
IND,8.744239,78.170497,1417173173,0.0082,0.29
JPN,20.5,150.1,125124989,4.7169,0.29
PRT,38.44652,-9.04146,10409704,0.0033,0.289436
BHS,29.69,-70.35,409984,6.046,0.289416
PRI,28.43,-58.12,3221789,7.6214,0.289416
PRI,26.29,-59.99,3221789,7.6484,0.289416
BRA,-23.4996,-39.2757,215313498,2.2723,0.288747
PER,-26.3318,-115.7358,34049588,6.3401,0.288747
USA,27.8504,-151.79795,333287557,8.2081,0.288095
GBR,56.194,-4.763833,66971395,0.0079,0.287517
BGD,21.483056,91.96,171186372,0.0162,0.2875
BGD,21.4625,91.906944,171186372,0.0243,0.2875
ESP,41.373055,2.191604,47778340,0.0101,0.287333
AUS,-43.5753,145.7961,26005540,0.2292,0.287172
USA,31.75,-153.14165,333287557,11.1414,0.285813
USA,34.17,-65.2,333287557,1.8568,0.285096
PRI,21.96,-60,3221789,4.6141,0.284988
PER,-24.5847,-125.7344,34049588,0.9409,0.284423
USA,39.98555,-151.55715,333287557,16.284,0.284195
USA,23.2278,-153.4595,333287557,3.5149,0.284
USA,30.49,-70.32,333287557,5.7216,0.283176
TUN,38.025167,11.2825,12356117,0.7491,0.283038
ESP,37.56,-0.861667,47778340,0.0164,0.283
ITA,37.729,12.335,58940425,0.1143,0.282678
ITA,43.6134,7.7151,58940425,0.1789,0.282401
DZA,37.558333,0.695,44903225,1.1271,0.282078
NLD,52.591633,4.35285,17700982,0.2503,0.281857
PHL,20.999722,129.990556,115559009,4.9787,0.28142
USA,15.94,-162.49,333287557,6.269,0.281108
BHS,26.78,-73.9,409984,2.6959,0.280776
BHS,25.68,-74.8,409984,1.322,0.280776
USA,70.7246,-147.2503,333287557,0.537,0.28
USA,73.75,-168.85,333287557,5.5284,0.28
ITA,43.7741,7.6167,58940425,0.0172,0.27962
DZA,36.97,0.016667,44903225,0.8304,0.279617
ITA,38.806333,9.479833,58940425,0.3007,0.279242
PRT,39.563333,-17.643333,10409704,6.5873,0.279094
CAN,32.6252,-36.4067,38929902,8.4746,0.279013
PRT,38.44652,-9.04146,10409704,0.0033,0.277963
ESP,40.898267,4.816133,47778340,1.0544,0.277474
USA,30.88,-74.16,333287557,4.4019,0.276456
CAN,38.641,-142.2665,38929902,17.3703,0.276349
ESP,41.263153,1.963507,47778340,0.0015,0.276
BGD,21.5125,91.987222,171186372,0.012,0.275
BGD,21.483056,91.96,171186372,0.0162,0.275
BRA,-33.687,-34.342,215313498,13.1703,0.274695
RUS,69.821667,50.714167,144236933,0.7672,0.27465
MAR,36.0533,-33.9307,37457971,4.2486,0.274584
USA,25.28,-147,333287557,9.7122,0.274544
USA,34.43,-65.55,333287557,2.2205,0.2743
ITA,43.024333,10.410667,58940425,0.0752,0.274223
USA,22.76,-141.69,333287557,13.5213,0.273452
ALB,39.63,19.951,2777689,0.024,0.273333
CHL,-32.5685,-87.4243,19603733,6.7485,0.273054
PRI,22.15,-63.1474,3221789,3.5599,0.273054
USA,40.2589,-130.0129,333287557,5.6067,0.271092
ITA,43.675083,10.149633,58940425,0.1305,0.270538
ESP,35.995067,-6.937667,47778340,0.8266,0.270514
IND,8.857922,78.167117,1417173173,0.0106,0.27
USA,32.2454,-128.3595,333287557,7.6292,0.27
USA,31,-74,333287557,4.3915,0.26998
AUS,-41.9208,144.5409,26005540,0.4374,0.269326
CHL,-29.5605,-98.8063,19603733,7.3382,0.268282
USA,33.8227,-141.10995,333287557,17.9416,0.268115
ESP,36.429167,-4.747,47778340,0.0644,0.267825
USA,35.07,-65.48,333287557,2.7993,0.26782
USA,24.590133,-144.862167,333287557,11.1751,0.266908
USA,24.57705,-144.863217,333287557,11.1682,0.266893
ALB,39.855,19.341,2777689,0.3048,0.266667
TUR,37.6,26.5,84979913,0.1248,0.266667
CAN,45.780667,-129.3215,38929902,4.5519,0.266493
CAN,45.768667,-129.335167,38929902,4.5698,0.266492
USA,33.43,-65.8,333287557,1.4531,0.264748
IDN,1.556833,124.761167,275501339,0.0614,0.264115
PRI,29.57,-64.3,3221789,2.7308,0.2635
GRC,34.8602,26.0123,10426919,0.1609,0.263478
AUS,-28.3396,153.9234,26005540,0.3332,0.263013
PRT,41.087017,-8.7742,10409704,0.1076,0.262985
PRI,26.67,-59.82,3221789,7.46,0.26134
ITA,43.6823,7.699,58940425,0.109,0.261157
ESP,45.96543,-15.244721,47778340,6.6373,0.260657
USA,19.95,-156.16,333287557,0.2057,0.260276
ESP,45.975668,-15.250056,47778340,6.6466,0.260099
ALB,39.925,19.282,2777689,0.348,0.26
IND,8.493267,78.127822,1417173173,0.0011,0.26
JAM,17.94633,-76.74986,2827377,0.0017,0.26
RUS,59.32,178.78,144236933,2.9817,0.26
CHL,-32.3817,-88.1103,19603733,7.4567,0.259965
PRI,22.8418,-62.7592,3221789,4.2931,0.259965
JPN,32.998333,136.005,125124989,0.4925,0.259535
BHS,25.83,-72.87,409984,2.3182,0.25926
BHS,29.69,-70.36,409984,6.0551,0.25918
ITA,43.7585,7.5534,58940425,0.0275,0.259059
USA,26.8144,-130.4419,333287557,12.2902,0.258935
BHS,24.95,-75.43,409984,0.359,0.25662
DZA,37.509167,0.664333,44903225,1.0908,0.25641
PRI,28.75,-60.33,3221789,5.6281,0.2563
MAR,37.8097,-26.303433,37457971,0.4461,0.25618
USA,19.43,-145.47,333287557,9.3444,0.254948
USA,28.2451,-150.4496,333287557,9.287,0.254751
MAR,36.2937,-33.3888,37457971,3.7316,0.254525
PER,-26.5353,-114.8312,34049588,5.4169,0.254525
MAR,28.005833,-16.627333,37457971,0.0078,0.254421
ESP,41.379079,2.194423,47778340,0.0114,0.253333
PRI,28.46,-59.87,3221789,6.1676,0.253288
CAN,34,-62.45,38929902,2.7372,0.253088
CAN,38.5,-64.4,38929902,5.0731,0.2525
JPN,28.5588,149.3047,125124989,6.2875,0.252171
JPN,25.099,154.157,125124989,0.8091,0.251981
DOM,27.53,-66.78,11228821,5.0942,0.251948
LBN,33.6858,34.7054,5489739,0.6099,0.251603
PRI,30.21,-56.66,3221789,8.2741,0.251544
GBR,56.154167,-4.807833,66971395,0.003,0.251354
MAR,28.734,-13.83,37457971,0.017,0.251139
USA,32.4721,-166.1064,333287557,7.6924,0.250889
USA,24.37,-147.78,333287557,8.5491,0.250764
JPN,31.995,138.001667,125124989,1.8133,0.250694
CAN,42.36,-63.82,38929902,1.7884,0.25054
PRI,25.68,-57.85,3221789,8.8962,0.25054
PRI,22.29,-64.77,3221789,3.5637,0.25054
MAR,31.288333,-25.263333,37457971,5.6509,0.250374
USA,35.9,-67.25,333287557,4.3057,0.25018
BGD,21.4625,91.906944,171186372,0.0243,0.25
BGD,21.5125,91.987222,171186372,0.012,0.25
BGD,21.483056,91.96,171186372,0.0162,0.25
BGD,21.4625,91.906944,171186372,0.0243,0.25
GRC,37.774,23.648,10426919,0.085,0.25
PRT,39.435,-13.093333,10409704,3.6498,0.25
USA,66.22,-168.87,333287557,0.4229,0.25
ITA,42.836583,10.46935,58940425,0.0274,0.249738
ITA,44.129778,9.608947,58940425,0.0221,0.249643
MDG,-21.4145,75.2972,29611714,11.9298,0.248344
AUS,-28.34075,153.92282,26005540,0.3327,0.247316
IND,8.816639,78.166639,1417173173,0.009,0.247
IND,8.816639,78.166639,1417173173,0.009,0.247
PRI,24.25,-64.77,3221789,5.5172,0.246836
MAR,37.07,-24.216667,37457971,0.8046,0.246754
USA,39.51115,-130.0977,333287557,5.7644,0.246531
DZA,36.716517,2.788723,44903225,0.0218,0.246517
PRI,27.14,-60.1,3221789,6.9212,0.24622
CHL,-30.9504,-95.3477,19603733,11.0621,0.245825
PRI,29.249,-62.9857,3221789,3.5132,0.245825
ESP,42.377821,3.158952,47778340,0.0155,0.245333
MNE,42.037167,19.003667,617213,0.0903,0.245098
BHS,29.86,-76.26,409984,3.2321,0.244752
MAR,38.0735,-27.432,37457971,0.578,0.244531
HRV,44.715667,13.725333,3855600,0.1663,0.244216
MAR,36.569333,-22.954333,37457971,2.0926,0.244066
BHS,27.38,-70.87,409984,4.8336,0.243828
BHS,29.4,-67.57,409984,3.9272,0.243636
GBR,55.910333,-4.9195,66971395,0.0268,0.243518
ITA,38.658,15.833333,58940425,0.0078,0.243213
CAN,38.6878,-142.0264,38929902,17.194,0.243184
ESH,19.9038,-24.992,4000,2.7095,0.243
USA,17.55,-158.31,333287557,2.8457,0.242996
USA,31.61,-67.18,333287557,2.3905,0.24298
ISR,32.584,34.9055,9557500,0.0061,0.242277
USA,35.07,-65.48,333287557,2.7993,0.2419
ESP,36.6,-2.68,47778340,0.0859,0.24
GRC,38.021,23.577,10426919,0.0178,0.24
IND,8.816639,78.166639,1417173173,0.009,0.24
IDN,0.109333,127.352167,275501339,0.0465,0.239819
PRI,28.73,-58.23,3221789,7.3755,0.23974
TTO,13.65,-59.3,1531044,0.4314,0.23974
USA,39.63,-68.85,333287557,1.9674,0.23974
USA,40.30275,-130.0122,333287557,5.6048,0.239722
GRC,37.95355,23.57475,10426919,0.0016,0.239569
CAN,26.8508,-43.773,38929902,17.6904,0.239154
MAR,30.9254,-37.0622,37457971,10.2364,0.239154
BLZ,17.2826,-87.8114,405272,0.0098,0.239
AUS,-33.1646,152.7014,26005540,0.6518,0.238998
BHS,23.78,-75.08,409984,0.0494,0.238356
USA,32.0113,-165.4,333287557,7.4624,0.238339
CAN,32.18,-61.82,38929902,2.8339,0.238236
ITA,44.29785,9.149569,58940425,0.0254,0.238095
DZA,39.398333,5.826667,44903225,1.5616,0.237956
JPN,27.0833,151.3647,125124989,3.784,0.237793
ITA,42.781783,10.5648,58940425,0.1301,0.236725
ITA,39.136167,9.756833,58940425,0.184,0.236287
BRA,-34.765,-37.5982,215313498,12.5834,0.236275
DZA,37.354,7.0942,44903225,0.2848,0.235958
USA,31.54,-143.82,333287557,16.2223,0.235464
IND,8.816639,78.166639,1417173173,0.009,0.235
PRT,38.46124,-8.99428,10409704,0.0003,0.23359
BHS,30.39,-72.88,409984,5.5275,0.23326
USA,11.44,-156.82,333287557,7.478,0.233112
IND,8.634072,78.117547,1417173173,0.0105,0.233
ITA,38.934833,17.934,58940425,0.7337,0.232996
MAR,29.191783,-13.580567,37457971,0.0544,0.232414
ITA,38.710667,17.685833,58940425,0.571,0.232273
USA,4.41,-145.74,333287557,11.7436,0.232108
USA,35.1,-66.27,333287557,3.1213,0.2311
USA,31.93,-66.66,333287557,1.8087,0.2311
IND,8.816639,78.166639,1417173173,0.009,0.231
ESP,38.923667,1.584167,47778340,0.0589,0.230751
DZA,38.9957,5.3343,44903225,1.3236,0.230244
PRI,25.33,-59.96,3221789,7.5689,0.230216
ITA,41.0974,10.9881,58940425,1.223,0.230147
GBR,55.970833,-4.872333,66971395,0.027,0.230139
BHS,26.41,-73.12,409984,2.6339,0.22894
PRI,30.15,-62.18,3221789,3.3123,0.22894
USA,42.623617,-129.877217,333287557,5.3146,0.228793
USA,42.608167,-129.894717,333287557,5.3327,0.228787
RUS,29.4129,172.0143,144236933,11.4496,0.22878
ESP,38.585167,0.588667,47778340,0.3874,0.22866
ESP,44.350027,-21.879087,47778340,7.2789,0.228473
PER,-26.45591,-105.42128,34049588,0.0393,0.22815
ITA,44.066403,9.550197,58940425,0.1083,0.228091
USA,33.93,-151.55,333287557,13.7722,0.227176
BHS,28.11,-71.53,409984,4.932,0.226824
PRI,22.26,-64.87,3221789,3.5455,0.22678
USA,30.33,-67.79,333287557,3.4937,0.22678
NAM,-23.8528,-6.3298,2567012,7.8575,0.225402
JPN,38.99,146.513889,125124989,4.2714,0.22516
BHS,29.048667,-72.560167,409984,5.1546,0.225055
BGD,21.4625,91.906944,171186372,0.0243,0.225
BGD,21.5125,91.987222,171186372,0.012,0.225
AUS,-33.16635,152.69913,26005540,0.6511,0.22494
JPN,33.001667,140.995,125124989,1.1208,0.22492
GBR,56.192833,-4.771,66971395,0.0044,0.22464
BHS,24.02,-75.5,409984,0.1071,0.224624
PRI,29.05,-58.7,3221789,6.8091,0.224624
PRI,25.23,-64.74,3221789,6.4938,0.224624
USA,33.9,-64.45,333287557,1.5282,0.224624
USA,32.59,-65.55,333287557,0.7281,0.224624
USA,36.1594,-157.5585,333287557,13.8265,0.223863
JPN,32.971667,134,125124989,0.318,0.223476
ESP,42.067895,-27.478528,47778340,3.0101,0.223266
USA,27.20655,-152.87545,333287557,7.1127,0.223018
USA,31.1,-65.07,333287557,1.1677,0.222804
USA,33.2827,-164.9998,333287557,8.7938,0.222648
PRI,29.13,-58.88,3221789,6.6129,0.222464
TTO,10.760339,-61.441728,1531044,0.0041,0.222222
TTO,10.758064,-61.436573,1531044,0.0012,0.222222
USA,31.07,-65.99,333287557,1.6282,0.222152
USA,31.63865,-146.8989,333287557,14.1537,0.221785
ITA,40.9447,11.7364,58940425,0.9377,0.221199
USA,31.317,-132.65,333287557,11.7125,0.221
USA,19.73,-146.63,333287557,8.1871,0.220436
GBR,56.023333,-3.298167,66971395,0.015,0.220293
ECU,0,-92,18001000,0.3936,0.22
ECU,1,-89,18001000,1.567,0.22
DOM,28.6,-66.12,11228821,3.86,0.219824
JPN,32.996667,133.663333,125124989,0.4626,0.219803
CAN,45.260333,-129.0325,38929902,4.8187,0.219577
CAN,45.274333,-129.018667,38929902,4.7995,0.219575
IND,8.857922,78.167117,1417173173,0.0106,0.219
ITA,43.95,9.873333,58940425,0.0962,0.218413
CAN,43.1,-65.28,38929902,0.419,0.218384
USA,39.14325,-130.1035,333287557,5.8409,0.218331
PRI,30.49,-59.3,3221789,5.6679,0.218144
PRI,22.74,-60.05,3221789,5.2985,0.218144
NAM,-34.3065,7.1063,2567012,10.6764,0.218032
JPN,32.005,133.013333,125124989,0.7067,0.217291
GRC,39.307,23.827,10426919,0.1048,0.216667
PRT,40.972,-9.5495,10409704,0.8552,0.216508
MAR,31.7012,-12.288867,37457971,2.4596,0.216199
GRC,34.844,21.4365,10426919,1.8721,0.216012
ESP,37.341667,-0.961667,47778340,0.2173,0.216
HTI,20.17,-73.65,11584996,0.4175,0.215984
USA,31.45,-68.55,333287557,3.7574,0.215984
ITA,43.4294,7.8675,58940425,0.3914,0.21598
AUS,-35.39598,150.84418,26005540,0.2321,0.215576
MAR,29.237,-13.442667,37457971,0.0056,0.215172
GBR,55.971667,-4.751,66971395,0.0231,0.214936
AUS,-35.3924,150.8461,26005540,0.2296,0.214871
MAR,34.639333,-9.0965,37457971,1.483,0.214815
USA,21.42,-142.07,333287557,12.8869,0.214316
BGR,42.689167,27.9925,6465097,0.1018,0.214269
PRI,22.38,-58.28,3221789,5.8493,0.213824
AUS,-43.57,145.7886,26005540,0.2362,0.213438
PRI,22.31,-64.77,3221789,3.5836,0.213224
IND,8.493267,78.127822,1417173173,0.0011,0.213
BGR,43.1275,28.035,6465097,0.0954,0.212791
BGD,21.483056,91.96,171186372,0.0162,0.2125
BGD,21.4625,91.906944,171186372,0.0243,0.2125
BGD,21.483056,91.96,171186372,0.0162,0.2125
PRI,27.59,-57.92,3221789,8.2482,0.212056
ESP,44.364776,-21.876063,47778340,7.2935,0.211942
CYP,34.2885,34.4805,1251488,0.7767,0.211451
NAM,-34.0253,3.4618,2567012,13.6,0.211219
ESP,39.2555,1.766667,47778340,0.2298,0.211163
PRT,38.855333,-23.2025,10409704,2.1914,0.211004
JPN,33.361667,133.643333,125124989,0.1503,0.210968
CHL,-32.2052,-89.4267,19603733,8.7835,0.210883
PRI,24.3576,-62.8129,3221789,5.7892,0.210883
GBR,52.937333,2.744,66971395,1.0445,0.210804
USA,22.413,-153.7496,333287557,2.7699,0.210769
ESP,37.508333,-0.878333,47778340,0.064,0.21
SLB,21.03,175,724273,8.5282,0.21
USA,19.8,-143.03,333287557,11.7877,0.209968
PRT,37.011667,-20.895667,10409704,4.117,0.209651
PRI,25.12,-57.87,3221789,8.3899,0.209504
USA,27.26705,-152.8234,333287557,7.1906,0.209325
PRI,23.65,-64.86,3221789,4.926,0.20902
USA,32.1439,-133.1823,333287557,11.6324,0.209
CAN,32.55,-62.74,38929902,1.9163,0.20882
TUR,35.1845,30.4539,84979913,1.023,0.208805
NAM,-31.9295,-6.989,2567012,7.328,0.208787
USA,38.9982,-137.0096,333287557,12.6831,0.208
BHS,30.28,-76.22,409984,3.6346,0.207344
DOM,29.2,-67.2,11228821,3.8405,0.207344
USA,36.0829,-128.6819,333287557,5.7096,0.207009
MAR,25.6567,-18.448,37457971,2.0368,0.207
GRC,37.4212,25.2742,10426919,0.0336,0.20679
GRC,37.9,24.7,10426919,0.0114,0.206667
BHS,26.26,-75.62,409984,1.1759,0.206384
JPN,29.998333,130.998333,125124989,0.3634,0.206294
ITA,36.842167,15.347667,58940425,0.1532,0.206054
CAN,68.4055,-111.9387,38929902,0.1223,0.206
ITA,39.187167,10.924667,58940425,1.2947,0.205191
PRI,27.45,-58.13,3221789,8.1609,0.205184
ESP,40.910469,0.833376,47778340,0.0001,0.204667
PRI,27.46,-65.12,3221789,4.7959,0.203984
CAN,30.6054,-39.6499,38929902,12.123,0.203724
ITA,41.3054,9.5992,58940425,0.1424,0.203432
GRC,34.7206,24.2273,10426919,0.1318,0.203404
USA,31.68,-66.3,333287557,1.5357,0.203024
GRC,37.14,25.242,10426919,0.0101,0.202381
USA,35.89,-65.75,333287557,3.6623,0.2018
USA,20.988,-154.3769,333287557,1.3076,0.201166
PRI,26.26,-60.79,3221789,7.2122,0.200864
USA,30.61,-76.7,333287557,3.4781,0.200864
ESP,45.970346,-15.247121,47778340,6.6416,0.20077
ITA,39.254167,8.224,58940425,0.0762,0.200767
DOM,29.79,-64.82,11228821,2.4581,0.200616
GBR,58.042167,-5.696,66971395,0.1407,0.200331
ESP,42.377821,3.158952,47778340,0.0155,0.2
PRT,39.64,-18.155,10409704,6.7811,0.199134
ESP,36.593333,-6.788333,47778340,0.3768,0.199101
CAN,70.3236,-122.8985,38929902,0.4879,0.199
CUB,21.31,-73.64,11212191,0.1757,0.198704
PRI,18.95,-60,3221789,2.1723,0.198704
USA,33.84,-64.62,333287557,1.4524,0.198704
ESP,38.504,1.319167,47778340,0.1521,0.197876
USA,54.546833,-146.002,333287557,4.8763,0.197789
PRT,37.251667,-8.971667,10409704,0.0714,0.197133
ESP,41.955333,-9.269,47778340,0.3834,0.197101
AUS,-16.996833,146.217667,26005540,0.2834,0.196934
MAR,28.551183,-16.03465,37457971,0.0857,0.196706
BHS,29.15,-68.02,409984,4.4205,0.196544
ESP,41.373055,2.191604,47778340,0.0101,0.195333
ESP,41.373055,2.191604,47778340,0.0101,0.195333
GBR,56.078333,-2.9825,66971395,0.1029,0.194594
USA,40.68,-128.9,333287557,4.497,0.194436
PRI,30.45,-55.7,3221789,9.1509,0.19442
BHS,24.59,-79.38,409984,0.9377,0.194384
CAN,33.55,-61.18,38929902,3.6635,0.194384
JAM,17.98,-75.4,2827377,0.5654,0.194384
PRI,29.06,-59.57,3221789,6.0574,0.194384
USA,32.23,-64.53,333287557,0.1741,0.194384
USA,34.6,-65.2,333287557,2.2726,0.194332
TUN,38.1185,10.761833,12356117,1.0575,0.193801
PRT,38.42905,-9.14605,10409704,0.0021,0.193237
AUS,-17.778333,146.346167,26005540,0.2396,0.192901
MAR,35.7418,-21.279033,37457971,3.9236,0.192724
ESH,22.256333,-26.314667,4000,5.2028,0.192579
BHS,27.68,-70.83,409984,5.0681,0.192224
PRI,26.38,-60.11,3221789,7.504,0.192224
ITA,42.9736,9.992533,58940425,0.1548,0.192163
IND,8.857922,78.167117,1417173173,0.0106,0.192
IDN,6.854,94.8588,275501339,0.9349,0.191679
USA,29.37,-139.91,333287557,17.8701,0.19164
BHS,25.53,-76.42,409984,0.1727,0.191632
USA,18.97,-143.47,333287557,11.3567,0.191384
ESP,40.910469,0.833376,47778340,0.0001,0.190667
ITA,40.26,17.456667,58940425,0.0584,0.190422
PER,-26.483333,-105.383333,34049588,0.0784,0.190125
BHS,27.68,-70.83,409984,5.0681,0.190064
BHS,29.68,-70.36,409984,6.0593,0.190064
USA,30.55,-67.18,333287557,2.8677,0.190064
USA,31.58,-66.31,333287557,1.5858,0.190064
ECU,-0.9,-90.25,18001000,0.1507,0.19
IND,8.857922,78.167117,1417173173,0.0106,0.19
JAM,17.94556,-76.75139,2827377,0.0024,0.19
JPN,20.5,156.02,125124989,4.2962,0.19
SLB,17.03,175,724273,6.4568,0.19
PER,-27.15123,-109.44624,34049588,0.0057,0.18919
ESP,37.56,-0.861667,47778340,0.0164,0.189
GBR,56.004167,-2.9825,66971395,0.0441,0.188642
HRV,43.7995,14.554833,3855600,0.4418,0.188548
JPN,24.2949,155.0853,125124989,1.0997,0.188329
JPN,20.998056,139.995833,125124989,3.5331,0.188087
CAN,35.68,-64.56,38929902,3.2934,0.187904
PRT,38.42905,-9.14605,10409704,0.0021,0.187072
USA,41.1557,-150.14325,333287557,15.5899,0.186791
BRA,-34.7158,-49.213,215313498,3.7585,0.186451
ESP,41.403637,2.2193,47778340,0.0064,0.186
IND,8.857922,78.167117,1417173173,0.0106,0.186
USA,33.9,-64.45,333287557,1.5282,0.185744
TUN,33.786893,10.270481,12356117,0.0265,0.18485
ITA,38.013,12.087667,58940425,0.0354,0.184805
PRI,28.52,-64.34,3221789,3.7607,0.184784
RUS,29.1979,169.8263,144236933,10.3943,0.184778
ESP,41.575135,2.553135,47778340,0.0038,0.184
USA,26.89715,-130.59185,333287557,12.4023,0.183989
BHS,29.27,-68.57,409984,4.7508,0.183584
BHS,26.17,-72.5,409984,2.8196,0.183584
HTI,16.81,-74.92,11584996,1.5859,0.183528
USA,30.1002,-150.29195,333287557,10.9127,0.183463
PRT,38.5197,-8.89348,10409704,0.0103,0.182944
USA,40.486,-151.25485,333287557,15.8797,0.182829
ITA,38.777667,11.7445,58940425,0.8389,0.182471
BRA,-31.2527,-21.7331,215313498,11.0706,0.182106
PRI,29.69,-59.97,3221789,5.3883,0.182044
GBR,57.569333,-1.635667,66971395,0.1446,0.181459
PRI,28.25,-55.02,3221789,10.4714,0.181424
USA,20.15,-147.77,333287557,7.0734,0.181424
ESP,41.175724,1.526081,47778340,0.0077,0.181333
USA,36.0467,-128.8315,333287557,5.8576,0.18105
JPN,30.7313,157.7742,125124989,7.4667,0.180903
BHS,28.27,-70.15,409984,5.9671,0.180836
MDG,-19.258333,60.863333,29611714,2.5142,0.180213
ESP,42.377821,3.158952,47778340,0.0155,0.18
IND,8.744239,78.170497,1417173173,0.0082,0.18
JAM,17.94908,-76.84864,2827377,0.0173,0.18
PRI,24.33,-65.69,3221789,5.7304,0.179984
USA,30.45,-78.95,333287557,2.3824,0.179984
USA,38.52335,-130.46275,333287557,6.3421,0.179689
USA,34.67,-64.76,333287557,2.2829,0.179264
USA,31.73,-70.3,333287557,5.4421,0.179264
IND,8.816639,78.166639,1417173173,0.009,0.179
PER,-26.47141,-105.34675,34049588,0.113,0.17896
BHS,25.83,-72.87,409984,2.3182,0.17838
JPN,29.501667,133.998333,125124989,3.1431,0.178255
AUS,-24.0191,94.8233,26005540,11.9931,0.178068
BRA,16.5,-38.2522,215313498,12.9037,0.178
PRI,26.03,-58.63,3221789,8.7325,0.177776
ESP,41.397303,2.21315,47778340,0.0075,0.177333
PRI,25.69,-60.05,3221789,7.8517,0.177104
PRI,27.97,-58.6,3221789,7.474,0.176416
PRI,27.97,-58.6,3221789,7.474,0.176416
USA,21.42,-142.07,333287557,12.8869,0.176404
USA,40.5463,-151.5393,333287557,15.746,0.176388
USA,38.32165,-130.5008,333287557,6.4366,0.176326
PER,-28.1885,-106.3073,34049588,1.9209,0.176299
PRT,39.738333,-16.203333,10409704,6.6285,0.176196
BRA,-25.801,-34.2127,215313498,7.1397,0.176136
CAN,31.2001,-62.0368,38929902,2.8602,0.176073
PER,-28.7311,-103.5486,34049588,2.9644,0.176073
CAN,70.072,-135.4052,38929902,0.4178,0.176
NAM,-25.053167,7.44,2567012,7.0839,0.175767
ITA,39.0755,11.1705,58940425,1.3875,0.175739
JPN,30.001667,132.995,125124989,2.031,0.175423
JPN,30.501667,131.506667,125124989,0.4622,0.175114
BHS,29.3275,-69.3097,409984,5.3143,0.175
BHS,28.08,-70.37,409984,5.6768,0.174948
JPN,33.2,133.765,125124989,0.3116,0.174819
PER,-27.022,-110.9803,34049588,1.5355,0.1746
ESP,37.508333,-0.878333,47778340,0.064,0.174
IDN,6.4857,92.897,275501339,0.9186,0.173845
TUR,37.173,25.693,84979913,0.1003,0.17381
USA,28.7676,-151.50785,333287557,9.1469,0.173261
PRI,18.4599,-66.093,3221789,0.0048,0.173
JAM,18.7,-75.56,2827377,0.6005,0.172972
BHS,26.41,-73.12,409984,2.6339,0.172788
CUB,23.98,-81.55,11212191,0.602,0.172788
USA,33.75,-64.93,333287557,1.3848,0.172788
USA,28.04,-152.1,333287557,8.219,0.17276
BHS,24.95,-75.43,409984,0.359,0.172756
USA,40.38,-157.49,333287557,14.5203,0.172552
ITA,37.141667,12.101333,58940425,0.3222,0.172165
ESP,36.487717,-4.558317,47778340,0.0711,0.172062
ITA,37.962667,15.4195,58940425,0.0286,0.171999
PRT,39.81,-23.361667,10409704,2.6579,0.171885
USA,28.6498,-151.6073,333287557,8.9948,0.171664
ITA,44.415875,8.761267,58940425,0.016,0.171119
NAM,-22.5407,-6.1887,2567012,6.5388,0.171033
MOZ,-23.9885,39.280667,32969518,1.9426,0.170945
GBR,55.970333,-4.8105,66971395,0.0118,0.170799
USA,33.63,-66.43,333287557,2.039,0.170628
USA,31.6107,-146.8262,333287557,14.1793,0.170545
USA,33.7404,-133.8036,333287557,11.3299,0.17
ITA,40.039167,17.883333,58940425,0.0861,0.169886
JPN,20.5115,155.1814,125124989,3.9571,0.169812
USA,39.2955,-179.7523,333287557,10.9915,0.169552
GBR,56.6295,-6.442833,66971395,0.0432,0.169346
JPN,31.2728,155.3199,125124989,7.0899,0.169271
ITA,40.289444,17.410278,58940425,0.0406,0.169082
CAN,45.277333,-129.017,38929902,4.7961,0.168787
CAN,45.2925,-129.009,38929902,4.779,0.168787
DZA,36.728415,2.795861,44903225,0.0274,0.16852
CAN,31.8113,-36.8788,38929902,9.4088,0.168294
ITA,36.925167,15.460167,58940425,0.1543,0.167929
ITA,38.706667,15.8535,58940425,0.0396,0.167273
ITA,37.014667,13.103,58940425,0.4175,0.167267
GRC,37.7,24.3,10426919,0.0296,0.166667
TUR,37.5,25.3,84979913,0.0173,0.166667
JPN,32.666667,133.678333,125124989,0.6526,0.166444
PRI,26.3,-59.9,3221789,7.6958,0.166308
USA,33.56,-66.94,333287557,2.4121,0.166308
PRI,28.27,-60.1,3221789,6.1159,0.16614
GBR,56.110167,-4.897333,66971395,0.0032,0.166026
USA,33.1,-149.63,333287557,13.8405,0.165976
IDN,6.6318,90.5718,275501339,2.9821,0.16596
PRT,40.21655,-8.93355,10409704,0.0294,0.165478
USA,27.05725,-130.87735,333287557,12.5473,0.165177
GBR,57.6805,-6.056167,66971395,0.1314,0.165077
USA,33.56,-152.27,333287557,13.1503,0.165036
ESH,19.8062,-25.2137,4000,2.612,0.165
USA,32.328,-124.3471,333287557,4.2556,0.165
USA,32.1763,-131.4177,333287557,10.2102,0.165
CYP,33.9079,33.4371,1251488,0.7759,0.164489
USA,23.567,-160.4192,333287557,1.5749,0.164343
DOM,24.21,-69.41,11228821,3.2026,0.164148
DOM,29.17,-65.08,11228821,3.0866,0.164148
PRI,27.89,-60.05,3221789,6.4116,0.164148
PRI,19.98,-57.82,3221789,4.5623,0.164148
ESP,36.656667,-2.698333,47778340,0.0275,0.164
PER,-24.9669,-123.9391,34049588,0.8891,0.163524
MAR,31.445,-25.783333,37457971,5.5352,0.163428
BGR,43.163333,28.078333,6465097,0.0922,0.163252
ITA,40.242778,17.410833,58940425,0.0873,0.16317
NAM,-34.1586,4.8587,2567012,12.461,0.162885
USA,26.4972,-148.7426,333287557,9.1752,0.162
CAN,36.24,-64.42,38929902,3.8598,0.161988
CAN,31.98,-60.23,38929902,4.4347,0.161988
IND,8.816639,78.166639,1417173173,0.009,0.161
USA,40.58,-157.79,333287557,14.2824,0.16054
PER,-26.642333,-106.676667,34049588,1.2198,0.160535
ESP,43.420333,-8.306167,47778340,0.0178,0.160229
USA,39.17995,-130.09495,333287557,5.8245,0.160215
CAN,33.86,-63.79,38929902,1.7176,0.160188
IND,8.744239,78.170497,1417173173,0.0082,0.16
DOM,19.6,-69.42,11228821,0.2668,0.159828
USA,32.79,-65.16,333287557,0.5597,0.159828
CAN,37.451077,-38.838675,38929902,7.8009,0.15963
GRC,37.471,25.159,10426919,0.0685,0.159524
VEN,14.33,-62.45,28301696,1.3138,0.159496
MAR,30.0679,-37.1043,37457971,10.9765,0.159436
BRA,-34.9098,-43.8572,215313498,7.8421,0.159316
PRT,38.46124,-8.99428,10409704,0.0003,0.159242
AUS,-14.98833,145.3802,26005540,0.0509,0.159039
USA,32.2584,-127.3653,333287557,6.8002,0.159
JPN,32.493333,136.003333,125124989,0.971,0.158991
USA,28.7092,-151.5602,333287557,9.0699,0.158652
PER,-26.688167,-102.249667,34049588,3.2176,0.158636
FJI,-16.187167,-173.953167,929766,0.2879,0.158413
LKA,5.8962,85.0067,22181000,3.292,0.158394
ESP,42.377821,3.158952,47778340,0.0155,0.158
USA,33.56,-66.94,333287557,2.4121,0.157668
BRA,-34.9393,-46.2998,215313498,5.8924,0.157562
MAR,35.7435,-6.031833,37457971,0.0882,0.157056
GBR,58.4715,-6.685167,66971395,0.1251,0.156827
GBR,56.071333,-4.882333,66971395,0.0055,0.156681
JPN,32,134.001667,125124989,1.2113,0.156656
DZA,36.760775,2.80062,44903225,0.046,0.156635
ITA,39.8085,18.486833,58940425,0.098,0.156605
PHL,9.510167,123.531,115559009,0.0642,0.156267
PRI,28.39,-61.02,3221789,5.3762,0.15586
PRI,30.2,-61.45,3221789,3.8602,0.155508
USA,31.76,-67.43,333287557,2.5971,0.1553
BRA,-25.9968,-36.4999,215313498,6.0057,0.154822
USA,22.76,-141.69,333287557,13.5213,0.154596
GBR,56.194,-4.765,66971395,0.0072,0.154323
PRT,38.48294,-8.94286,10409704,0.0014,0.153408
BHS,28.08,-70.37,409984,5.6768,0.153348
USA,37.18,-66.13,333287557,5.0071,0.153348
USA,32.03,-68.02,333287557,3.1442,0.153152
USA,30.1622,-150.2365,333287557,10.9945,0.152902
PHL,10.353333,117.917667,115559009,0.8206,0.152619
CHL,-32.9105,-84.4851,19603733,3.7982,0.152483
PRI,21.1293,-63.8333,3221789,2.4323,0.152483
BGR,43.385,28.614167,6465097,0.0874,0.152369
ITA,38.007167,12.107333,58940425,0.0477,0.152202
ESP,37.148333,-1.311667,47778340,0.3352,0.151939
GBR,54.623333,-4.941833,66971395,0.0288,0.151896
PRT,40.962167,-8.7365,10409704,0.0698,0.151864
USA,34.5053,-179.858,333287557,6.3017,0.151503
DOM,28.58,-67.93,11228821,4.7803,0.151428
BRA,-34.8428,-42.5657,215313498,8.8261,0.151411
CAN,32.65,-57.2,38929902,7.453,0.151188
USA,29.92,-67.87,333287557,3.7983,0.151188
AUS,-21.84425,113.91275,26005540,0.09,0.151131
AUS,-14.9792,145.3785,26005540,0.0454,0.150879
PRT,39.145,-11.868333,10409704,2.3945,0.150617
MAR,28.3091,-37.4031,37457971,12.6434,0.150579
ITA,44.415875,8.761267,58940425,0.016,0.15054
ESP,41.175724,1.526081,47778340,0.0077,0.15
PNG,20.99,170.02,10142619,3.7727,0.15
ESP,41.196633,4.989317,47778340,1.3971,0.149156
USA,23.5677,-130.3722,333287557,13.1895,0.149111
PRI,29.29,-61.66,3221789,4.2826,0.149028
USA,38.18,-68.52,333287557,3.3935,0.149028
ESP,37.341667,-0.961667,47778340,0.2173,0.149
PRT,38.965,-10.875,10409704,1.3863,0.148689
ITA,41.150333,7.9905,58940425,0.2603,0.148626
AUS,-21.297333,151.3745,26005540,1.0934,0.14836
GBR,55.981167,-4.874,66971395,0.0205,0.147378
GBR,56.015667,-3.488667,66971395,0.0126,0.146947
BHS,25.25,-77.25,409984,0.1869,0.146868
CAN,35.17,-58.58,38929902,6.6833,0.146868
USA,34.56,-66.08,333287557,2.5541,0.146868
PRT,38.761,-27.827667,10409704,0.1682,0.146074
CUB,24.56,-83.49,11212191,1.3447,0.145748
PRI,26.51,-55.72,3221789,10.6751,0.145348
BRA,-26.4893,-30.029,215313498,5.9454,0.145128
JAM,17.61,-76.39,2827377,0.2523,0.145016
USA,34.9,-64.77,333287557,2.5131,0.145016
CAN,36.24,-64.42,38929902,3.8598,0.144708
USA,30.08,-68.84,333287557,4.5226,0.144016
PHL,9.929833,125.179167,115559009,0.0725,0.143475
PER,-26.0422,-119.432,34049588,5.5187,0.143084
USA,29.2323,-143.8742,333287557,14.6126,0.143
PRI,30.11,-56.56,3221789,8.397,0.14294
FIN,60.093267,22.310833,5556106,0.0473,0.142892
JPN,23.4111,155.2311,125124989,1.5219,0.142847
MAR,31.181667,-24.905,37457971,5.7539,0.14263
BHS,25.63,-75.75,409984,0.6147,0.142548
CAN,31.75,-63.15,38929902,1.6202,0.142548
CAN,35.6729,-35.0237,38929902,5.2658,0.142413
PER,-26.6027,-113.8575,34049588,4.4425,0.142413
IDN,6.534833,91.068167,275501339,2.6249,0.142389
CHL,-29.8994,-97.9295,19603733,8.2764,0.141392
USA,31.1813,-64.0147,333287557,1.3303,0.141392
BHS,25.73,-77.08,409984,0.2133,0.140388
BHS,26.4,-75.76,409984,1.2151,0.140388
CAN,31.41,-61.68,38929902,3.1185,0.140388
GBR,56.136,-2.690167,66971395,0.0757,0.140195
MNE,41.4995,18.8355,617213,0.5517,0.140056
IND,9.0765,78.3651,1417173173,0.007,0.14
PRI,27.52,-59.28,3221789,7.2271,0.13986
PRI,30.45,-55.7,3221789,9.1509,0.139172
ESH,19.0961,-30.2774,4000,5.3227,0.139
IND,8.493267,78.127822,1417173173,0.0011,0.139
PRT,38.617833,-20.686667,10409704,4.5191,0.138471
THA,7.281667,96.902667,71697030,1.475,0.138437
PRI,25.13,-59.76,3221789,7.4875,0.138228
USA,31.92,-65.57,333287557,0.7716,0.138228
USA,31.58,-69.8,333287557,4.964,0.138228
PER,-26.9999,-104.58617,34049588,1.0243,0.13806
ITA,41.0245,17.374167,58940425,0.0947,0.137618
ITA,39.753333,7.79,58940425,0.6252,0.137465
URY,-34.828333,-57.205,3422794,0.3325,0.136965
USA,32.38,-64.17,333287557,0.4778,0.136788
USA,34.35,-64.57,333287557,1.9642,0.136692
ITA,39.733333,18.276833,58940425,0.0878,0.136214
AUS,-27.3965,153.297833,26005540,0.0897,0.136184
PRI,24.49,-60.83,3221789,6.4357,0.136068
USA,32.82,-64.29,333287557,0.5762,0.136068
USA,16.88,-159.15,333287557,3.9145,0.136068
PRI,27.58,-65.05,3221789,4.6727,0.13576
USA,31.65,-65.5,333287557,0.8708,0.135492
PRI,21.72,-64.54,3221789,2.9782,0.134988
JPN,29.5,134.5,125124989,3.5411,0.134917
JPN,33.006667,137.005,125124989,1.1984,0.13486
GBR,55.840667,-5.7935,66971395,0.1035,0.134295
GBR,58.3955,-5.607,66971395,0.2533,0.13423
GBR,58.468,-5.523167,66971395,0.2447,0.134205
BHS,27.9,-74.37,409984,3.0159,0.133908
BHS,28.72,-69.7,409984,5.982,0.133908
CUB,23.37,-73.98,11212191,0.3121,0.133908
DOM,29.79,-64.82,11228821,2.4581,0.133908
USA,31.26,-71.5,333287557,5.6635,0.133908
MAR,34.700483,-19.2545,37457971,2.7452,0.133708
CHL,-33.1071,-82.387,19603733,1.7254,0.133389
PRI,20.2173,-64.3828,3221789,1.4719,0.133389
GRC,36.806,23.468,10426919,0.0981,0.133333
TUR,37.5,25.4,84979913,0.0069,0.133333
ESP,36.408983,-2.395917,47778340,0.3803,0.133021
PRT,36.748733,-7.631667,10409704,0.3127,0.132975
CAN,69.0699,-95.0558,38929902,0.2616,0.132
USA,27.5609,-135.581,333287557,16.2366,0.132
PRT,38.5197,-8.89348,10409704,0.0103,0.131842
PRI,28.49,-58.73,3221789,7.0723,0.131748
USA,42.17,-70.28,333287557,0.1027,0.131748
GBR,56.078,-5.7025,66971395,0.0196,0.131644
CAN,48.706,-141.329583,38929902,9.6586,0.131565
ITA,44.175217,8.526189,58940425,0.1118,0.131326
IND,8.493267,78.127822,1417173173,0.0011,0.131
GBR,56.240167,-6.729333,66971395,0.2546,0.130778
PER,-26.8718,-111.9128,34049588,2.4793,0.130396
ZAF,-37.5001,24.349333,59893885,3.3289,0.130321
USA,20.57,-154.86,333287557,0.6923,0.130212
IND,9.0765,78.3651,1417173173,0.007,0.13
SLB,17.8443,173.1261,724273,5.2316,0.13
USA,75.87,-167.96,333287557,7.197,0.13
CUB,23.32,-74.9,11212191,0.1908,0.129728
JPN,33.348333,133.83,125124989,0.1538,0.129717
BHS,28.97,-70.32,409984,6.3593,0.129588
BHS,26.05,-78.4,409984,0.5157,0.129588
CAN,34.12,-58.17,38929902,6.7103,0.129588
CAN,36.17,-59.18,38929902,6.6595,0.129588
PRI,27.49,-56.72,3221789,9.3059,0.129588
PRI,30.2,-61.45,3221789,3.8602,0.129588
JPN,33.001667,133.501667,125124989,0.3179,0.129519
PRI,25.51,-56.08,3221789,9.6743,0.129144
USA,38.2432,-130.48625,333287557,6.4468,0.128928
GRC,37.9142,23.62655,10426919,0.0185,0.128726
PRT,38.48294,-8.94286,10409704,0.0014,0.128452
MAR,27.4098,-37.3969,37457971,13.434,0.128435
USA,36.3438,-127.6827,333287557,4.7205,0.128412
PER,-27.05576,-109.28184,34049588,0.0371,0.128335
PHL,12.353833,120.339833,115559009,0.1743,0.127955
JPN,30.503333,135.001667,125124989,2.8546,0.127785
USA,22.11,-141.71,333287557,13.3602,0.127552
ESP,37.74,-0.085,47778340,0.6217,0.1275
BHS,30.12,-70.5,409984,6.0151,0.127428
BHS,25.65,-75.5,409984,0.8053,0.127428
DOM,20.17,-67.97,11228821,1.4304,0.127428
ITA,44.129778,9.608947,58940425,0.0221,0.127376
PRI,23.6,-57.05,3221789,7.5666,0.127176
GBR,56.3265,-6.715167,66971395,0.1929,0.127074
IND,8.493267,78.127822,1417173173,0.0011,0.127
ITA,42.841783,10.266283,58940425,0.0156,0.126938
ESP,43.485,-9.128333,47778340,0.2459,0.12693
ZAF,-34.49263,10.18383,59893885,7.839,0.126317
GBR,56.191167,-4.758167,66971395,0.0034,0.126244
PRT,38.48294,-8.94286,10409704,0.0014,0.125947
GBR,54.619667,-4.575333,66971395,0.1099,0.125773
JPN,30,135,125124989,3.3393,0.125674
USA,31.72,-144.77,333287557,15.6649,0.125584
GBR,57.328167,-7.717833,66971395,0.2779,0.125431
ESP,36.589733,-6.5741,47778340,0.1853,0.125369
BHS,29.44,-71.97,409984,5.8538,0.125268
BHS,25.65,-75.57,409984,0.7529,0.125268
BHS,24.17,-74.62,409984,0.114,0.125268
CAN,35.8,-63.25,38929902,3.6974,0.125268
USA,30.05,-78.1,333287557,2.8837,0.125268
ARG,-34.671667,-58.1,46234830,0.0838,0.125046
AUS,-28.3415,153.9219,26005540,0.3319,0.124892
CYP,34.7917,31.5748,1251488,0.7466,0.124855
ITA,37.098667,15.329833,58940425,0.0246,0.124809
USA,31.54,-143.82,333287557,16.2223,0.124464
USA,41.0667,-149.7231,333287557,15.8244,0.124404
GBR,56.010667,-3.200167,66971395,0.0377,0.124221
USA,37.11,-132.06,333287557,8.3167,0.124107
USA,35.17,-64.68,333287557,2.7813,0.12316
BHS,29.27,-69.18,409984,5.2391,0.123112
USA,29.79,-78.14,333287557,2.7224,0.123112
USA,32.97,-64.97,333287557,0.6514,0.123112
TTO,14.6133,-58.76,1531044,1.5267,0.123
USA,32.4783,-119.1433,333287557,0.7413,0.123
ESP,42.377821,3.158952,47778340,0.0155,0.122667
NAM,-33.6215,1.0787,2567012,12.8881,0.122643
ESP,42.998333,-9.339167,47778340,0.0747,0.122564
CAN,32.68,-62.07,38929902,2.5964,0.122412
DOM,24.89,-71.98,11228821,2.4613,0.122376
ITA,40.0025,17.944444,58940425,0.0509,0.122164
USA,33.175,-77.24,333287557,0.9928,0.122
LKA,-12.295,73.953333,22181000,5.0949,0.121639
ITA,42.8835,10.448833,58940425,0.0261,0.12145
MAR,29.231667,-20.103333,37457971,2.1544,0.121448
GRL,68.8885,-51.889833,56661,0.2451,0.121036
CAN,33.76,-62.64,38929902,2.4429,0.120952
PRI,28.78,-57.3,3221789,8.1765,0.120952
JPN,30.003333,131.5,125124989,0.6525,0.120943
GBR,56.207,-2.428833,66971395,0.164,0.120861
PRT,40.514333,-8.858333,10409704,0.0669,0.12053
GBR,54.827167,-5.226333,66971395,0.0865,0.120435
ESP,37.565,-0.648333,47778340,0.0789,0.120163
CAN,33.35,-63.52,38929902,1.4951,0.120048
GRC,37.844,23.5,10426919,0.0493,0.12
MOZ,-25.930833,32.781833,32969518,0.1048,0.119995
JPN,33.33,133.666667,125124989,0.1885,0.119665
GBR,56.0415,-4.897,66971395,0.0045,0.11945
IDN,6.539833,93.637833,275501339,0.2765,0.119284
MAR,22.5717,-25.1333,37457971,5.3752,0.119
BHS,25.82,-73.86,409984,1.7818,0.118792
BHS,25.6,-77.67,409984,0.1839,0.118792
USA,32.89,-64.75,333287557,0.5068,0.118792
USA,36.5,-69.42,333287557,4.7748,0.118792
USA,40.94,-67.32,333287557,2.659,0.118792
USA,36.38,-66.11,333287557,4.2411,0.118792
USA,32.35,-64.5,333287557,0.1488,0.11876
NCL,-23.86543,162.37358,269220,3.5986,0.118563
AUS,-20.12045,148.876033,26005540,0.0116,0.118492
PRI,26.2,-59.95,3221789,7.7441,0.11844
IND,8.744239,78.170497,1417173173,0.0082,0.118
USA,19.2901,-156.0478,333287557,0.1534,0.117848
PER,-27.12304,-109.21791,34049588,0.0096,0.117605
CHL,-32.8038,-86.2393,19603733,5.5407,0.117604
PRI,21.473,-63.5899,3221789,2.8229,0.117604
ATA,-63.3871,-56.801,40,0.1321,0.117367
USA,41.1221,-150.226,333287557,15.5927,0.117227
BHS,28.08,-72.03,409984,4.627,0.117224
GBR,56.159833,-4.907333,66971395,0.0068,0.117216
USA,31,-133,333287557,12.1809,0.117
TUN,34.002287,10.087773,12356117,0.0426,0.116991
AUS,-28.34203,153.92107,26005540,0.3311,0.116978
USA,53.71875,-141.331416,333287557,5.9741,0.116698
PER,-26.46663,-105.38905,34049588,0.0705,0.116665
DOM,23.73,-70.65,11228821,2.1493,0.116632
USA,32.73,-64.58,333287557,0.3546,0.116632
USA,36.5,-69.42,333287557,4.7748,0.116632
USA,33.44,-65.72,333287557,1.4118,0.116632
USA,40.83,-70.15,333287557,0.4152,0.116632
USA,19.23,-155,333287557,0.0902,0.116632
CAN,38.9085,-32.720667,38929902,1.5171,0.116398
GBR,56.031,-2.434667,66971395,0.0482,0.116082
JPN,33.001667,133.998333,125124989,0.2945,0.116057
ATA,-65.1775,-64.1291,40,0.0482,0.116
CAN,73.6261,-81.3676,38929902,0.0077,0.116
BHS,27.76,-71.61,409984,4.6051,0.115844
BHS,26.5,-72.53,409984,3.0465,0.115268
PRI,21.9,-59.04,3221789,5.0201,0.115108
IDN,6.5207,91.1452,275501339,2.5519,0.115107
USA,32.422,-119.9844,333287557,0.9213,0.115
GBR,58.083667,-5.814,66971395,0.2188,0.114981
BHS,28.63,-70.08,409984,6.2703,0.114472
BHS,29.65,-69.72,409984,5.5011,0.114472
BHS,25.1,-75.15,409984,0.6586,0.114472
CAN,42.16,-65.95,38929902,1.3023,0.114472
USA,34.93,-64.6,333287557,2.5425,0.114196
AUS,-20.196783,148.93415,26005540,0.0211,0.114059
SEN,17.8248,-24.3158,17316449,0.9654,0.114
BRA,-27.078333,-48.47,215313498,0.0628,0.113928
FJI,-19.97755,174.99072,929766,1.7321,0.113499
AUS,-37.38412,153.53085,26005540,3.479,0.113406
JAM,18.78,-77.71,2827377,0.2728,0.113392
BHS,27.8,-72.38,409984,4.2077,0.11336
USA,30.97,-70.49,333287557,5.7557,0.112792
CHL,-31.5774,-92.3432,19603733,11.7653,0.112423
JPN,32,132.01,125124989,0.4894,0.112337
CAN,36.54,-64.19,38929902,4.1797,0.112312
USA,5.28,-146.64,333287557,11.1136,0.112084
JPN,32.001667,137,125124989,1.8809,0.111959
GBR,54.658833,-4.433667,66971395,0.0296,0.111926
USA,31.96,-67.32,333287557,2.4553,0.11192
ZAF,-34.157,22.131833,59893885,0.011,0.111713
USA,34.35,-64.57,333287557,1.9642,0.111612
DOM,23.5,-69.96,11228821,2.3095,0.111592
ESP,36.457333,-4.57,47778340,0.086,0.111578
TUR,34.2444,30.0743,84979913,1.9177,0.111524
ESP,36.55,-1.376667,47778340,0.6537,0.111338
TTO,10.758064,-61.436573,1531044,0.0012,0.111111
PRI,25.42,-60.75,3221789,7.3253,0.111076
PRI,26.01,-59.34,3221789,8.2739,0.111076
ITA,38.42,16.913333,58940425,0.3429,0.111062
JPN,31.8073,140.9512,125124989,0.976,0.111
GBR,56.014333,-4.882833,66971395,0.017,0.110781
TUN,33.936532,10.134875,12356117,0.0426,0.11076
PRT,36.853333,-8.423333,10409704,0.2299,0.110558
ITA,40.9597,11.9157,58940425,0.8412,0.110457
USA,32.53,-64.61,333287557,0.156,0.110392
CAN,35.63,-64.77,38929902,3.2427,0.110376
NCL,-23.8643,162.3813,269220,3.5923,0.110204
BHS,25.73,-77.08,409984,0.2133,0.110152
BHS,29.38,-68.43,409984,4.5728,0.110152
BHS,26.09,-76.7,409984,0.3864,0.110152
JAM,19.29,-79.21,2827377,0.6832,0.110152
PRI,30.9,-60.48,3221789,4.4187,0.110152
USA,32.79,-65.16,333287557,0.5597,0.110152
DZA,36.536667,-1.026667,44903225,0.7942,0.110063
IDN,7.0098,96.3013,275501339,1.4698,0.110045
IND,8.744239,78.170497,1417173173,0.0082,0.11
JAM,17.93286,-76.83644,2827377,0.0056,0.11
ITA,36.960333,15.4725,58940425,0.1492,0.109957
DZA,37.2008,3.5146,44903225,0.3812,0.10993
BRA,-26.3129,-31.0914,215313498,5.991,0.109868
DOM,28.02,-66.62,11228821,4.5802,0.109792
MEX,-24.4952,-126.6168,127504125,1.6761,0.109773
CAN,33.35,-63.52,38929902,1.4951,0.109432
ITA,36.956667,14.11,58940425,0.1513,0.109254
AUS,-24.4876,98.1066,26005540,12.3465,0.109123
PRI,22.0667,-64.4834,3221789,3.3228,0.109
MAR,35.845333,-5.736167,37457971,0.0233,0.108696
GRL,66.518333,-54.061667,56661,0.3996,0.108545
JPN,31.991667,135.995,125124989,1.4607,0.10842
IDN,6.4857,92.907,275501339,0.9105,0.108294
AGO,-17.7225,-5.9518,35588987,1.7171,0.108215
BRA,18.5923,-40.64,215313498,15.3567,0.108
CAN,31.63,-60.97,38929902,3.751,0.108
CAN,31.98,-60.23,38929902,4.4347,0.107992
DOM,20.37,-71.3,11228821,0.4959,0.107992
PRI,28.58,-56.68,3221789,8.8221,0.107992
PRI,25.33,-59.96,3221789,7.5689,0.107992
USA,34.95,-65.7,333287557,2.7584,0.107992
PRI,26.05,-55.98,3221789,10.1722,0.10798
USA,32.32,-64.47,333287557,0.1841,0.107912
MAR,37.226167,-31.351,37457971,2.1327,0.107747
GBR,55.9395,-4.635833,66971395,0.0083,0.107489
PER,-26.47898,-105.36417,34049588,0.0964,0.10738
ESP,42.377821,3.158952,47778340,0.0155,0.107333
GBR,55.9585,-4.895667,66971395,0.0183,0.107284
AUS,-43.57728,145.79962,26005540,0.2259,0.107225
ITA,44.218833,9.396517,58940425,0.0433,0.107163
CAN,73.6261,-81.3676,38929902,0.0077,0.107
IND,8.744239,78.170497,1417173173,0.0082,0.107
IND,8.744239,78.170497,1417173173,0.0082,0.107
IND,8.493267,78.127822,1417173173,0.0011,0.107
ITA,38.864,12.6117,58940425,0.565,0.106896
ESP,41.397303,2.21315,47778340,0.0075,0.106667
MAR,26.5065,-37.3597,37457971,14.2278,0.106291
BHS,27.47,-71.08,409984,4.7426,0.10604
CAN,34.98,-64.22,38929902,2.6312,0.106028
USA,32.2225,-129.1759,333287557,8.343,0.106
DOM,19.72,-69.39,11228821,0.3874,0.105832
USA,32.14,-65.21,333287557,0.3526,0.105832
USA,31.17,-67.1,333287557,2.4755,0.105832
USA,33.54,-64.24,333287557,1.2312,0.105832
AUS,-12.02933,143.2705,26005540,0.0601,0.105342
USA,33.25,-64.64,333287557,0.8621,0.105292
USA,18.8899,-155.6586,333287557,0.0228,0.10483
ESP,44.170333,-4.6805,47778340,0.7373,0.104779
GRL,64.207333,-51.7145,56661,0.0035,0.104674
PRI,29.4,-59.07,3221789,6.3171,0.104392
PRI,25.05,-56.9,3221789,8.8279,0.104392
JPN,33.5,138.493333,125124989,0.8169,0.104379
JAM,17.2,-76.87,2827377,0.5745,0.10434
BRA,-26.0782,-31.973,215313498,6.0931,0.104111
USA,31.62,-65.03,333287557,0.6512,0.104064
NCL,-21.76087,170.63752,269220,1.7034,0.103781
JPN,30.493333,133.998333,125124989,2.4295,0.103765
HND,16.8,-82.28,10432860,1.743,0.103672
PRI,28.22,-59.25,3221789,6.8031,0.103672
PRI,26.74,-64.47,3221789,5.5201,0.103672
ITA,37.931667,12.177667,58940425,0.0959,0.10361
MAR,35.0555,-7.661,37457971,1.2598,0.103245
PRI,23.37,-57.27,3221789,7.2496,0.10318
IND,8.744239,78.170497,1417173173,0.0082,0.103
USA,25.5636,-136.3904,333287557,18.0374,0.103
GBR,57.731,-6.221833,66971395,0.0731,0.102695
GBR,56.5695,-6.508833,66971395,0.0566,0.102287
BRA,-29.9658,-23.4819,215313498,10.8822,0.102203
CHL,-31.3878,-93.3457,19603733,12.7856,0.102203
BHS,25.95,-77.98,409984,0.1887,0.102188
GBR,56.0425,-4.897,66971395,0.0047,0.102082
PRI,26.83,-57.98,3221789,8.6626,0.10182
USA,20.14,-148.94,333287557,5.9081,0.101784
GBR,56.183333,-4.777667,66971395,0.007,0.101715
BHS,23.65,-75.72,409984,0.1361,0.101512
CAN,31.52,-60.22,38929902,4.5081,0.101512
PRI,28.09,-65.04,3221789,4.1627,0.101512
USA,30.08,-68.84,333287557,4.5226,0.101512
USA,30.46,-65.92,333287557,2.0788,0.101512
AUS,-21.8401,113.9183,26005540,0.0878,0.101414
USA,23.52,-141.63,333287557,13.7814,0.101364
GBR,57.332,-6.855167,66971395,0.1309,0.101292
JPN,35.008333,147.992778,125124989,7.1489,0.101053
GBR,55.989167,-4.887167,66971395,0.0055,0.101021
USA,18.4382,-161.5162,333287557,3.5877,0.101
CAN,32.49,-58.12,38929902,6.5288,0.100872
CAN,36.62,-63.95,38929902,4.2932,0.100792
ESP,43.378,-8.346667,47778340,0.0083,0.100792
CAN,45.2575,-129.035667,38929902,4.8227,0.10036
CAN,45.246833,-129.051333,38929902,4.84,0.100357
PHL,20.994444,125.980833,115559009,3.7791,0.100287
JPN,32.503333,134.003333,125124989,0.753,0.100113
PRI,25.68,-57.85,3221789,8.8962,0.10008
GRC,37.8,24.3,10426919,0.1199,0.1
GRC,37.8,24.4,10426919,0.1165,0.1
TUR,37.5,25.3,84979913,0.0173,0.1
USA,69.59,-168.75,333287557,2.2857,0.1
USA,24.39,-80.84,333287557,0.378,0.099892
PER,-26.4494,-105.37079,34049588,0.0901,0.09982
PRT,38.42905,-9.14605,10409704,0.0021,0.099791
BHS,28.58,-72.84,409984,4.6884,0.099352
PRI,22.28,-58,3221789,5.9428,0.099352
USA,32.14,-64.73,333287557,0.1381,0.099352
ITA,41.0169,11.5414,58940425,1.0018,0.099286
BHS,25.95,-77.97,409984,0.1836,0.099272
GBR,56.984833,-6.517333,66971395,0.0648,0.099199
PER,-26.49344,-105.42178,34049588,0.0474,0.099195
GBR,56.138,-4.895167,66971395,0.0086,0.099189
PRI,30.5,-56.97,3221789,7.9017,0.098868
CAN,34.03,-62.88,38929902,2.4261,0.098764
AUS,-43.57258,145.79152,26005540,0.2335,0.098609
AUS,-35.40383,150.83983,26005540,0.2377,0.098376
ITA,44.139861,9.604611,58940425,0.0171,0.098344
AUS,-37.41405,153.51875,26005540,3.4679,0.098234
RUS,30.4448,163.3177,144236933,11.1784,0.098196
GBR,54.624667,-4.690833,66971395,0.1685,0.09812
ITA,44.175217,8.526189,58940425,0.1118,0.098039
AUS,-12.0222,143.2742,26005540,0.0563,0.097981
CAN,42.17,-61.95,38929902,2.5502,0.097912
USA,34.6,-65.2,333287557,2.2726,0.097912
MEX,24.5525,-125.481667,127504125,8.3844,0.097752
IND,8.493267,78.127822,1417173173,0.0011,0.0977
MDG,-13.490333,47.886667,29611714,0.0846,0.097666
LKA,-11.675,76.541667,22181000,5.9019,0.097539
GRC,34.4822,22.6018,10426919,1.2244,0.097535
PER,-26.42608,-105.35976,34049588,0.107,0.097395
GBR,56.110333,-2.854667,66971395,0.0596,0.097374
AUS,-37.8677,139.8136,26005540,0.4187,0.097363
BHS,25.92,-76.75,409984,0.3566,0.097192
BHS,25.97,-75.73,409984,0.8833,0.097192
BHS,23.82,-74.73,409984,0.1264,0.097192
CAN,35.33,-64.51,38929902,2.946,0.097192
PRI,30.03,-59.88,3221789,5.3096,0.097192
PRI,27.77,-59.55,3221789,6.8592,0.097192
TTO,14.11,-59.55,1531044,0.768,0.097192
USA,41.38,-70.86,333287557,0.0294,0.097192
USA,31.17,-66.78,333287557,2.1926,0.097192
USA,32.71,-64.76,333287557,0.3321,0.097192
USA,31.05,-65.75,333287557,1.4907,0.097192
USA,40.25,-70.15,333287557,0.9932,0.097164
GRL,73.733333,-57.225833,56661,0.3712,0.097104
USA,32.4129,-119.961,333287557,0.9184,0.097
GBR,57.535333,-6.815,66971395,0.0825,0.096683
ALB,39.84,19.28,2777689,0.3584,0.096667
ITA,44.139861,9.604611,58940425,0.0171,0.096407
TWN,21.008333,118.990278,23600000,1.9515,0.0964
IND,8.744239,78.170497,1417173173,0.0082,0.0963
GBR,56.1935,-4.766,66971395,0.0069,0.095574
BRA,-25.9165,-35.0814,215313498,7.0816,0.095501
IND,8.857922,78.167117,1417173173,0.0106,0.0955
ITA,38.7068,13.2211,58940425,0.0237,0.095424
JPN,32.498333,134.501667,125124989,0.8063,0.095333
PER,-27.15432,-109.46261,34049588,0.0203,0.09506
CAN,35.47,-63.87,38929902,3.185,0.095032
TTO,13.63,-59.38,1531044,0.3649,0.095032
USA,32.67,-64.62,333287557,0.2869,0.095032
USA,31.4,-63.5,333287557,1.4963,0.095032
USA,34.67,-66.21,333287557,2.713,0.095032
USA,31.03,-67.03,333287557,2.4791,0.095032
USA,46.1,-124.36,333287557,0.3283,0.095032
USA,32.2885,-126.2803,333287557,5.9428,0.095
IDN,-7.168333,104.215,275501339,1.0526,0.094857
AUS,-37.3894,153.526,26005540,3.4743,0.094724
ITA,41.502667,17.548833,58940425,0.589,0.094697
ESP,40.14345,3.906933,47778340,0.0853,0.094559
DOM,22.42,-68.73,11228821,2.5713,0.094492
GBR,56.303833,-2.5265,66971395,0.0541,0.094325
ZAF,-33.891167,18.420833,59893885,0.0124,0.094152
GBR,57.858833,-3.266333,66971395,0.1396,0.094106
PRI,25.64,-65.28,3221789,6.6221,0.094028
ESP,37.341667,-0.961667,47778340,0.2173,0.094
JPN,31.005,134.996667,125124989,2.3771,0.093994
USA,31.25,-69.43,333287557,4.6598,0.093864
GBR,56.050667,-3.034167,66971395,0.0994,0.09363
PRI,30.14,-56.58,3221789,8.3697,0.093628
USA,28.76,-80.1,333287557,0.5095,0.093332
GBR,55.941,-4.886,66971395,0.0131,0.093252
USA,30.65,-74.15,333287557,4.6026,0.093212
MAR,25.5796,-37.2534,37457971,14.628,0.093004
IDN,-7.9894,102.6497,275501339,2.5169,0.093
CAN,36.23,-64.02,38929902,3.897,0.092872
CAN,42.91,-65.41,38929902,0.5556,0.092872
CAN,44.38,-62.28,38929902,0.4837,0.092872
PRI,23.06,-59.8,3221789,5.7031,0.092872
PRI,30.51,-63.43,3221789,2.2104,0.092872
USA,34.67,-66.21,333287557,2.713,0.092872
USA,30.33,-67.79,333287557,3.4937,0.092872
FJI,-19.9823,174.9867,929766,1.7266,0.092784
AUS,-37.4107,153.5144,26005540,3.4635,0.092772
USA,37.8532,-179.3768,333287557,9.5138,0.092733
BRA,-23.8868,-36.6933,215313498,4.6822,0.092646
PER,-26.1643,-117.5795,34049588,7.3515,0.092646
USA,41.04255,-149.62075,333287557,15.885,0.092614
USA,30.31,-155.93,333287557,8.7837,0.092452
FJI,-18.57427,176.49493,929766,0.9498,0.092436
USA,35.38,-64.8,333287557,2.9939,0.092284
ARG,-37.603333,-57.113333,46234830,0.0854,0.092006
BRA,19.0167,-38.445,215313498,13.2308,0.092
USA,42.7969,-128.3858,333287557,3.8192,0.092
IDN,6.5467,93.6842,275501339,0.2439,0.091989
GRL,45.592833,-32.057167,56661,5.9386,0.091685
BHS,25.25,-73.6,409984,1.402,0.09168
PRI,26.44,-58.02,3221789,8.8863,0.091476
CAN,35.8,-63.25,38929902,3.6974,0.091364
USA,39.9,-157.2,333287557,15.0382,0.091332
PRI,26.41,-58.01,3221789,8.9137,0.091192
AUS,-20.05943,116.3843,26005540,0.6256,0.091162
CUB,24.32,-83.94,11212191,1.4965,0.091084
GBR,56.017167,-4.8875,66971395,0.0126,0.090943
CAN,33.66,-58.72,38929902,6.0668,0.090804
ESP,36.42,-4.343333,47778340,0.2424,0.090741
BHS,27.9,-74.37,409984,3.0159,0.090712
CAN,43.89,-64.4,38929902,0.249,0.090712
PRI,26.13,-59.73,3221789,7.9345,0.090712
PRI,30.45,-59.08,3221789,5.8888,0.090712
USA,34.84,-67.48,333287557,3.6311,0.090712
JPN,30.998333,136.993333,125124989,2.7234,0.090635
MAR,28.688167,-16.384,37457971,0.1343,0.09061
IDN,6.6998,94.1298,275501339,0.2513,0.090555
NCL,-23.86773,162.35852,269220,3.611,0.090531
CAN,31.99,-59.56,38929902,5.1017,0.09032
GBR,56.057667,-2.892167,66971395,0.0343,0.09027
TTO,14.235,-60.505,1531044,0.3805,0.09
TUN,33.770319,10.253245,12356117,0.0028,0.089993
FJI,-17.4895,-149.525167,929766,0.0102,0.089927
GBR,56.017667,-4.8765,66971395,0.0114,0.089803
GBR,56.0245,-2.395333,66971395,0.0499,0.089565
PRI,25.15,-59.17,3221789,7.8099,0.089092
USA,41.41,-71.16,333287557,0.0642,0.089036
CAN,37.4834,-47.5167,38929902,10.7284,0.089
BHS,27.38,-70.87,409984,4.8336,0.088836
USA,24.2205,-128.353,333287557,11.0804,0.088651
USA,41.03795,-147.5319,333287557,16.7482,0.08863
CAN,34.3,-61.27,38929902,3.891,0.088552
CAN,42.78,-65.5,38929902,0.6549,0.088552
PRI,30.9,-60.48,3221789,4.4187,0.088552
PRI,28.25,-55.02,3221789,10.4714,0.088552
PRI,30.85,-58.87,3221789,5.9738,0.088552
USA,42.27,-69.73,333287557,0.3925,0.088552
GBR,56.483667,-6.679667,66971395,0.0681,0.088547
FJI,-19.98835,174.98173,929766,1.7196,0.088465
JPN,32.993333,135.511667,125124989,0.5053,0.088381
PRI,22.08,-58.07,3221789,5.7442,0.088356
AUS,-26.7254,153.3785,26005540,0.2292,0.088321
USA,24.21,-149.32,333287557,7.2235,0.08806
USA,27.32605,-152.7755,333287557,7.2653,0.087972
CAN,31.18,-56.85,38929902,7.8876,0.08774
CYP,34.3562,33.3521,1251488,0.3564,0.087735
NCL,-23.8667,162.3655,269220,3.6053,0.087486
ESP,45.018717,-5.676967,47778340,1.3658,0.087202
CAN,71.8268,-93.6988,38929902,0.0653,0.087
CRI,5,-85.883,5180829,1.2978,0.087
USA,33.1,-156.49,333287557,11.2474,0.086996
ESP,42.134833,-8.8805,47778340,0.0087,0.086895
ITA,44.923667,8.134,58940425,0.7028,0.086865
AUS,-33.87417,152.0111,26005540,0.6806,0.086755
ITA,42.880833,10.14715,58940425,0.0645,0.086713
IND,8.493267,78.127822,1417173173,0.0011,0.0867
USA,24.03,-138.44,333287557,16.9874,0.086572
ESP,44.731667,-8.26,47778340,1.0273,0.08656
USA,37.72,-66.48,333287557,4.9616,0.086408
USA,30.9,-66.75,333287557,2.3139,0.0864
BHS,26.87,-71.95,409984,3.7063,0.086392
BHS,25.55,-75.68,409984,0.6043,0.086392
CAN,45.72,-57.73,38929902,1.7276,0.086392
COL,14.73,-71.28,51874024,2.2957,0.086392
JAM,18.45,-76.83,2827377,0.0761,0.086392
PRI,22.28,-58,3221789,5.9428,0.086392
USA,34.1,-64.92,333287557,1.7286,0.086392
USA,34.67,-65.48,333287557,2.4188,0.086392
USA,40.08,-69.77,333287557,1.1821,0.086392
USA,33.25,-64.86,333287557,0.8808,0.086392
VEN,12.21,-68.47,28301696,0.0666,0.086392
USA,30.6,-65.85,333287557,1.9226,0.086368
JPN,29.996667,130.498333,125124989,0.2294,0.086295
IND,8.857922,78.167117,1417173173,0.0106,0.0862
GBR,54.570667,-4.713333,66971395,0.1585,0.08618
USA,74.84,-151.12,333287557,4.1621,0.086
GBR,56.097833,-3.1085,66971395,0.0283,0.085853
PRT,38.46124,-8.99428,10409704,0.0003,0.085734
PER,-24.171,-115.9885,34049588,7.1886,0.085563
PER,-27.013,-107.57014,34049588,1.6525,0.085555
USA,20.94,-157.49,333287557,0.2508,0.085536
AUS,-20.06373,116.35573,26005540,0.6414,0.085492
AUS,-43.5637,145.7829,26005540,0.2395,0.08505
PRT,38.883333,-9.552667,10409704,0.0883,0.084986
BHS,30.22,-75.82,409984,3.7471,0.084844
GBR,55.9855,-4.866667,66971395,0.0136,0.084777
GBR,56.086333,-2.839667,66971395,0.0313,0.084671
FJI,-19.9931,174.9779,929766,1.7142,0.084603
CHL,-32.3817,-88.1103,19603733,7.4567,0.084428
GBR,56.022667,-3.3045,66971395,0.014,0.084366
GBR,56.077167,-2.996333,66971395,0.0975,0.084239
BHS,25.4,-74.07,409984,1.3166,0.084232
CAN,36.9,-63.38,38929902,4.6938,0.084232
CAN,31.27,-57.37,38929902,7.36,0.084232
PRI,27.92,-60.18,3221789,6.2977,0.084232
PRI,26.29,-65.15,3221789,5.9659,0.084232
USA,31.7,-71.32,333287557,5.4995,0.084232
USA,31.37,-66.3,333287557,1.6778,0.084232
GBR,56.378,-2.627167,66971395,0.0625,0.084144
TTO,15.4558,-55.3668,1531044,4.6641,0.084
HTI,23.23,-72.55,11584996,0.8884,0.083984
ITA,42.450583,10.212333,58940425,0.1355,0.083913
BHS,26.14,-78.48,409984,0.3986,0.083864
MAR,32.858333,-10.599283,37457971,1.3567,0.083714
JPN,30.996667,134,125124989,1.9791,0.083242
AUS,-20.174533,148.957567,26005540,0.0087,0.083135
AUS,-26.72982,153.37792,26005540,0.2273,0.083111
BHS,25.42,-76.28,409984,0.1079,0.083056
CAN,31.39,-61.9,38929902,2.9166,0.082792
JPN,26.995278,146.546667,125124989,4.3065,0.082687
JPN,30.003333,132,125124989,1.0966,0.082641
JPN,19.6586,155.1127,125124989,4.7602,0.082536
PRI,23.2,-59.39,3221789,5.9948,0.082468
AUS,-20.2025,149.0102,26005540,0.005,0.08241
PER,-25.9512,-120.4278,34049588,4.5343,0.08233
ITA,40.038611,17.975556,58940425,0.0133,0.082305
AUS,-11.9875,143.2887,26005540,0.0441,0.082257
BHS,27.08,-72.57,409984,3.493,0.082072
CAN,36.45,-63.43,38929902,4.2482,0.082072
CAN,31,-61.77,38929902,3.1861,0.082072
DOM,29.28,-67.2,11228821,3.7771,0.082072
USA,32.16,-64.88,333287557,0.0909,0.082072
USA,34.65,-64.98,333287557,2.2817,0.082072
USA,35.13,-67.03,333287557,3.5499,0.082072
USA,21.15,-142.77,333287557,12.1557,0.08204
HTI,20.18,-73.5,11584996,0.3605,0.081864
PER,-26.41981,-105.35823,34049588,0.1108,0.08181
ZAF,-34.0162,9.7782,59893885,8.1526,0.081762
USA,8.38,-151.97,333287557,8.3406,0.081712
GBR,57.8985,-6.510333,66971395,0.0355,0.081615
USA,28.54,-140.09,333287557,17.2729,0.081536
CAN,48.185,-52.84,38929902,0.0605,0.081288
GBR,58.441833,-5.893833,66971395,0.2739,0.081281
USA,33.34,-151.97,333287557,13.0685,0.081212
MAR,34.57865,-9.713317,37457971,1.7658,0.08117
BHS,29.83,-70.88,409984,6.4751,0.081028
ESH,18.6958,-23.5048,4000,1.9257,0.081
AUS,-41.92197,144.54192,26005540,0.4371,0.080999
USA,11.09,-156.77,333287557,7.2874,0.080992
CAN,37.28,-64.84,38929902,4.8941,0.080972
USA,21.6509,-160.5405,333287557,0.3364,0.080591
AUS,-20.34565,148.838833,26005540,0.0083,0.080216
USA,19.9206,-154.6866,333287557,0.36,0.080119
JAM,17.93603,-76.83683,2827377,0.0046,0.08
BHS,28.03,-77.98,409984,1.1073,0.079912
CAN,45.28,-58.22,38929902,1.6492,0.079912
CAN,32.24,-62.17,38929902,2.4809,0.079912
CAN,42.16,-65.95,38929902,1.3023,0.079912
DOM,30.27,-64.9,11228821,1.9791,0.079912
DOM,19.88,-69.13,11228821,0.5265,0.079912
JAM,17.28,-77.67,2827377,0.5757,0.079912
PRI,29.42,-57.48,3221789,7.7503,0.079912
PRI,29.67,-55.17,3221789,9.8542,0.079912
USA,35.4,-65.87,333287557,3.2394,0.079912
USA,32.62,-64.7,333287557,0.2326,0.079912
USA,32.21,-72.4,333287557,4.3558,0.079912
CUB,24.12,-82.22,11212191,0.4404,0.079736
CHL,-30.5732,-96.2025,19603733,10.1278,0.079638
USA,31.5033,-123.3083,333287557,3.8181,0.079271
DOM,26.02,-68.83,11228821,5.0468,0.079192
PRI,21.04,-65.5,3221789,2.5416,0.079192
DOM,24.48,-71.38,11228821,2.5355,0.079136
RUS,56.33,173.7,144236933,3.3839,0.079
PRI,20.68,-65.07,3221789,2.0452,0.07896
AUS,-17.64606,120.1562,26005540,1.8057,0.078814
USA,53.546167,-143.007667,333287557,6.4654,0.078349
PRI,24.31,-59.95,3221789,6.6835,0.078292
USA,54.770583,-147.498167,333287557,4.7774,0.078263
PRT,38.43987,-9.09325,10409704,0.0035,0.078107
GBR,56.692167,-6.380167,66971395,0.0725,0.078007
ESP,42.377821,3.158952,47778340,0.0155,0.078
AUS,-24.3947,99.5107,26005540,12.4706,0.077904
BRA,-19.7983,-27.3385,215313498,1.6959,0.077869
PER,-25.5538,-122.2008,34049588,2.7238,0.077869
PRI,29.52,-60.5,3221789,5.0281,0.077776
BHS,26.85,-74.42,409984,2.4137,0.077752
CAN,35.69,-62.43,38929902,3.993,0.077752
DOM,22.93,-69.56,11228821,2.1205,0.077752
JAM,18.7,-76.65,2827377,0.3802,0.077752
USA,32.08,-65.2,333287557,0.3693,0.077752
USA,41.07,-146.64,333287557,17.0797,0.077752
USA,16.36,-159.94,333287557,4.8603,0.077752
PNG,14.5523,160.7231,10142619,5.3734,0.077542
GBR,55.986333,-4.864833,66971395,0.0116,0.077476
AUS,-11.9911,143.2855,26005540,0.0431,0.077439
CAN,32.79,-58.4,38929902,6.2619,0.077288
BHS,26.5,-72.53,409984,3.0465,0.07724
AUS,-26.704,153.3803,26005540,0.2302,0.077104
MYS,3.5438,100.2277,33938221,0.5892,0.077
ITA,37.730333,12.396667,58940425,0.0639,0.076938
FJI,-17.576333,177.283833,929766,0.1232,0.07684
USA,37.25,-67.8,333287557,4.5489,0.076832
USA,32.12,-68,333287557,3.1182,0.076832
AUS,-33.8716,152.0142,26005540,0.6819,0.076745
IDN,6.923,95.3005,275501339,1.0159,0.076352
PER,-23.862833,-122.293167,34049588,2.6127,0.075994
PRI,24.3,-59.51,3221789,6.9129,0.075988
PRI,25.49,-56.09,3221789,9.6522,0.075968
NCL,-21.7565,170.6449,269220,1.7028,0.075792
PRT,38.44652,-9.04146,10409704,0.0033,0.075771
CAN,37.45,-63.57,38929902,5.1808,0.075716
GBR,58.1065,-5.864833,66971395,0.2544,0.075595
CAN,35.95,-63.82,38929902,3.6628,0.075592
CAN,35.9,-62.59,38929902,4.0843,0.075592
PRI,29.18,-61.13,3221789,4.7416,0.075592
PRI,26.29,-65.15,3221789,5.9659,0.075592
USA,31.32,-67.87,333287557,3.1351,0.075592
USA,31.57,-65.83,333287557,1.1758,0.075592
USA,31.3,-68.4,333287557,3.6488,0.075592
USA,24.4,-81.97,333287557,0.2109,0.075592
CHL,-31.5774,-92.3432,19603733,11.7653,0.075559
PRI,25.3751,-62.4785,3221789,6.8402,0.075559
ZAF,-30.934833,14.513833,59893885,2.7946,0.07533
BRA,17.1218,-37.4333,215313498,12.0731,0.075
ESH,20.046,-22.3413,4000,3.2383,0.075
TTO,14.9947,-54.4642,1531044,5.2909,0.075
AUS,-35.4004,150.8417,26005540,0.2352,0.07471
ESP,36.633333,-3.083333,47778340,0.1157,0.074671
PRI,29.35,-62.97,3221789,3.435,0.074396
AUS,-35.38805,150.84853,26005540,0.2267,0.074271
CAN,35.73,-59.45,38929902,6.1901,0.074076
PER,-26.238,-116.6753,34049588,7.2838,0.074009
USA,32.3087,-125.2308,333287557,5.084,0.074
MDG,-14.270167,47.6265,29611714,0.1171,0.07394
USA,51.596333,-143.004917,333287557,8.3707,0.073691
GBR,55.248333,-5.967667,66971395,0.1057,0.073514
BHS,27.45,-71.98,409984,4.1339,0.073436
CAN,35.88,-58.98,38929902,6.6674,0.073436
CAN,34.37,-63.52,38929902,2.294,0.073436
CAN,35.71,-63.56,38929902,3.5039,0.073436
DOM,29.02,-65.72,11228821,3.3412,0.073436
USA,31.58,-66.31,333287557,1.5858,0.073436
USA,24.4,-79.83,333287557,0.8583,0.073436
USA,31.27,-63.78,333287557,1.3908,0.073436
CUB,24.1,-82.47,11212191,0.5654,0.073276
JPN,29.996667,130.166667,125124989,0.2218,0.073216
CAN,68.5093,-101.725,38929902,0.125,0.073
USA,34.983,-133,333287557,10.0738,0.073
CAN,31.13,-61.07,38929902,3.7858,0.072996
USA,33.94,-64.48,333287557,1.5637,0.072924
USA,30.47,-71.22,333287557,6.4286,0.072896
GBR,55.8165,-4.907,66971395,0.0248,0.072827
AUS,-26.7091,153.38078,26005540,0.2312,0.072565
GBR,57.780333,-2.465167,66971395,0.1002,0.072475
GBR,57.755,-7.688667,66971395,0.2116,0.072294
GBR,56.092167,-2.707833,66971395,0.0311,0.072215
AUS,-20.238367,148.8917,26005540,0.0572,0.07214
USA,43.78,-68.73,333287557,0.242,0.072056
PRI,30.4,-60.82,3221789,4.3032,0.071996
CAN,30.97,-60.68,38929902,4.2068,0.071956
NCL,-21.75115,170.65403,269220,1.7022,0.071936
PRI,30.53,-58.93,3221789,6.0059,0.071908
USA,30.66,-71.47,333287557,6.1204,0.07144
CAN,34.93,-59.11,38929902,6.1015,0.071408
BHS,24.17,-74.63,409984,0.1221,0.071276
CAN,35.88,-58.98,38929902,6.6674,0.071276
CAN,32.24,-62.17,38929902,2.4809,0.071276
PRI,29.57,-61.85,3221789,3.9501,0.071276
USA,35.1,-66.71,333287557,3.3405,0.071276
USA,29.96,-68.44,333287557,4.2402,0.071276
PRI,25.84,-60.2,3221789,7.8886,0.071112
ITA,38.439667,14.925667,58940425,0.0209,0.07108
GBR,56.488833,-2.5005,66971395,0.0963,0.071016
IND,8.493267,78.127822,1417173173,0.0011,0.071
SUR,14.5411,-51.9311,618040,7.6219,0.071
SUR,15.0807,-51.268,618040,8.3819,0.071
USA,59.3736,-153.4481,333287557,0.0349,0.071
USA,7.43,-149.9,333287557,9.2026,0.07098
IND,8.857922,78.167117,1417173173,0.0106,0.0707
USA,34.65,-65.63,333287557,2.4543,0.070496
CHL,-29.168333,-85.061667,19603733,5.7369,0.070472
THA,7.263167,96.8225,71697030,1.5566,0.070376
USA,36.93,-66.67,333287557,4.959,0.070272
AUS,-33.17183,152.69227,26005540,0.6491,0.07019
IND,9.0765,78.3651,1417173173,0.007,0.07
JPN,29.998333,133.995,125124989,2.889,0.069749
GBR,56.38,-6.771333,66971395,0.1202,0.069489
PER,-25.5345,-109.683,34049588,1.5549,0.069431
BHS,30.43,-74.83,409984,4.4569,0.069424
IND,8.857922,78.167117,1417173173,0.0106,0.0693
BHS,24.67,-75.56,409984,0.0709,0.069188
BHS,26.14,-74.87,409984,1.6032,0.069116
BHS,29.69,-70.35,409984,6.046,0.069116
BHS,28.34,-69.21,409984,5.8421,0.069116
CAN,36.9,-63.38,38929902,4.6938,0.069116
DOM,23.73,-70.65,11228821,2.1493,0.069116
PRI,25.35,-57.62,3221789,8.7115,0.069116
PRI,29.68,-62.51,3221789,3.4257,0.069116
USA,34.1,-64.92,333287557,1.7286,0.069116
USA,35.62,-65.95,333287557,3.4734,0.069116
USA,34.1,-66.32,333287557,2.301,0.069116
JPN,33.001667,138.498333,125124989,1.0287,0.069027
FJI,-18.5777,176.4901,929766,0.9557,0.068764
NCL,-23.87053,162.33852,269220,3.6273,0.068654
MDG,-20.2472,61.6722,29611714,1.7369,0.068356
PHL,12.254333,120.349667,115559009,0.1185,0.068217
IDN,6.5455,93.681,275501339,0.2466,0.068163
BRA,-26.3881,-39.9167,215313498,4,0.068135
NAM,-32.835,-3.6837,2567012,9.5125,0.068135
BHS,26.3583,-78.4833,409984,0.2029,0.068
JPN,23.9086,154.2651,125124989,0.4683,0.068
SUR,15.6333,-51.0325,618040,8.7511,0.068
SUR,15.0196,-51.8667,618040,7.7855,0.068
PNG,17.9596,157.078,10142619,7.0399,0.067933
BHS,29.67,-76.44,409984,2.9869,0.0679
VEN,14.37,-62.48,28301696,1.328,0.067676
GBR,55.976333,-4.894667,66971395,0.0123,0.067633
AUS,-20.234533,148.740667,26005540,0.0163,0.067601
BHS,27.26,-75.3,409984,1.9013,0.067496
USA,30.97,-70.49,333287557,5.7557,0.067496
PRI,26.86,-56.69,3221789,9.6746,0.067476
DOM,19.98,-70.59,11228821,0.2109,0.067196
PRI,26.76,-59.14,3221789,7.8534,0.067196
GBR,56.012,-3.480167,66971395,0.0103,0.06712
CUB,22.86,-74.48,11212191,0.1334,0.066956
PRI,29.97,-57.38,3221789,7.6531,0.066956
PRI,25.69,-60.05,3221789,7.8517,0.066956
USA,30.94,-69.19,333287557,4.5083,0.066956
USA,35.45,-67.72,333287557,4.2373,0.066956
USA,31.75,-69.28,333287557,4.4262,0.066956
GBR,54.636833,-4.444,66971395,0.0537,0.066703
ESP,42.377821,3.158952,47778340,0.0155,0.066667
GRC,37.7,24.2,10426919,0.1047,0.066667
GRC,37.8,24.3,10426919,0.1199,0.066667
TUR,37.5,25.3,84979913,0.0173,0.066667
TUR,37.5,25.5,84979913,0.0477,0.066667
TUR,37.5,26.3,84979913,0.0983,0.066667
GBR,56.1505,-2.3865,66971395,0.1744,0.066437
USA,25.3371,-156.16475,333287557,4.0522,0.066203
ISL,58.103,-14.364667,382003,0.8422,0.066147
ITA,44.240431,8.469206,58940425,0.0305,0.066138
PRI,21.28,-64.95,3221789,2.5925,0.066044
GBR,57.3445,-1.768167,66971395,0.0958,0.066022
GBR,55.240167,-5.822333,66971395,0.079,0.066021
USA,59.0875,-152.3912,333287557,0.1321,0.066
GRL,73.666667,-12.916667,56661,4.6391,0.065916
USA,34.08,-70,333287557,5.419,0.065808
BRA,-23.729,-37.4867,215313498,3.8971,0.065742
PER,-26.238,-116.6753,34049588,7.2838,0.065742
PHL,8.012333,133.1,115559009,1.4531,0.065662
BRA,-16.9837,-23.7325,215313498,6.238,0.065628
PER,-24.6527,-124.7923,34049588,0.0125,0.065628
CAN,33.63,-63.92,38929902,1.4535,0.06562
IDN,-1.049333,134.1775,275501339,0.0855,0.065475
PER,-27.00157,-98.65132,34049588,6.8294,0.06545
BRA,-25.8957,-35.3693,215313498,6.8321,0.06541
GBR,56.9365,-1.841833,66971395,0.2762,0.065269
USA,19.51,-144.23,333287557,10.5841,0.065172
MAR,24.3935,-18.2827,37457971,2.3898,0.065
BRA,-27.8835,-25.8982,215313498,7.9467,0.064891
AUS,-42.28115,148.9709,26005540,0.6115,0.064812
BHS,28.74,-71.72,409984,5.3522,0.064796
BHS,28.82,-70.45,409984,6.1608,0.064796
BHS,26.09,-76.7,409984,0.3864,0.064796
BHS,24.89,-73.03,409984,1.61,0.064796
BHS,29.87,-77.5,409984,2.9515,0.064796
BHS,26.95,-79.25,409984,0.3541,0.064796
CAN,31.25,-59.21,38929902,5.5514,0.064796
DOM,20.02,-69.85,11228821,0.3549,0.064796
DOM,23.16,-71.29,11228821,1.3615,0.064796
PRI,28.73,-58.23,3221789,7.3755,0.064796
PRI,21.53,-65.82,3221789,3.0714,0.064796
PRI,19.62,-59.69,3221789,2.8398,0.064796
PRI,26.47,-58.03,3221789,8.8589,0.064796
TTO,15.45,-60.75,1531044,0.5016,0.064796
USA,35.4,-65.87,333287557,3.2394,0.064796
USA,38.2,-68.85,333287557,3.2476,0.064796
USA,33.77,-65.42,333287557,1.561,0.064796
USA,32.9,-64.68,333287557,0.5114,0.064796
USA,32.53,-64.61,333287557,0.156,0.064796
USA,31.69,-74.56,333287557,3.5054,0.064796
USA,34.49,-65.01,333287557,2.1277,0.064796
ITA,38.013833,11.612333,58940425,0.4192,0.064788
CHL,-27.875,-87.475,19603733,7.539,0.064694
FJI,-17.5095,-149.655667,929766,0.0475,0.064316
PRI,24.33,-56.42,3221789,8.5302,0.064256
ESP,36.896667,-1.696667,47778340,0.2085,0.064147
ITA,41.13,9.798333,58940425,0.1861,0.064088
JPN,33.505,135,125124989,0.3617,0.064081
CAN,69.6764,-81.9431,38929902,0.1704,0.064
ESH,20.0342,-37.6207,4000,12.617,0.064
USA,40.1117,-72.4767,333287557,0.7001,0.064
USA,28.8011,-143.0573,333287557,14.9829,0.064
PRT,38.44652,-9.04146,10409704,0.0033,0.063986
ITA,44.411064,8.751844,58940425,0.0195,0.063966
USA,38.2776,-130.4749,333287557,6.4253,0.063881
USA,18.1587,-155.9801,333287557,0.8074,0.063771
TWN,20.996944,119.489167,23600000,1.5402,0.063767
ESH,21.505,-31.264333,4000,7.3883,0.063747
AUS,-16.56171,145.75297,26005540,0.1898,0.063437
USA,35.96,-68.08,333287557,4.8577,0.063356
IND,8.857922,78.167117,1417173173,0.0106,0.0633
USA,25.2567,-156.214733,333287557,3.958,0.063081
USA,39.0558,-76.2883,333287557,0.0289,0.063
USA,39,-135,333287557,10.6888,0.063
JPN,29.5,134.996667,125124989,3.7747,0.062966
IDN,6.9282,95.3398,275501339,1.0243,0.062895
DOM,28.58,-67.93,11228821,4.7803,0.062856
USA,43.098167,-129.206,333287557,4.6468,0.062747
USA,43.118,-129.198667,333287557,4.6406,0.062741
BHS,29.27,-68.57,409984,4.7508,0.062636
BHS,27.52,-73.68,409984,3.4112,0.062636
CAN,33,-62.5,38929902,2.2386,0.062636
DOM,29.7,-66.8,11228821,3.2004,0.062636
PRI,17.25,-64.35,3221789,0.5436,0.062636
PRI,27.54,-64.44,3221789,4.7245,0.062636
USA,29.92,-67.87,333287557,3.7983,0.062636
USA,32.11,-66.59,333287557,1.7127,0.062636
USA,33.58,-66.13,333287557,1.7854,0.062636
USA,31.54,-70.12,333287557,5.2864,0.062636
ARG,-42.761667,-65.003333,46234830,0.0108,0.06257
PER,-27.8781,-107.246,34049588,2.1199,0.062514
PRI,29.6835,-56.6993,3221789,8.3895,0.062514
GBR,54.6945,-4.1675,66971395,0.0892,0.062421
CAN,35.33,-64.51,38929902,2.946,0.062396
CAN,33.94,-63.06,38929902,2.2341,0.062272
AUS,-20.0612,116.3759,26005540,0.6298,0.062267
USA,19.24,-156.55,333287557,0.6382,0.062184
IDN,6.4225,88.7502,275501339,4.6937,0.062179
NLD,54.931667,3.310167,17700982,2.3211,0.062157
PER,-27.8781,-107.246,34049588,2.1199,0.062052
TTO,16.0667,-52.3833,1531044,7.6197,0.062
JPN,30.998333,131.996667,125124989,0.7574,0.061923
USA,48.654667,-145.837417,333287557,10.7681,0.061736
USA,41.88,-68.55,333287557,1.3753,0.061696
CHL,-30.9504,-95.3477,19603733,11.0621,0.061692
PRI,25.27,-65.59,3221789,6.6314,0.06154
ITA,41.05585,9.787617,58940425,0.1359,0.0615
PER,-26.48213,-105.37127,34049588,0.09,0.06136
PRT,36.874333,-7.976333,10409704,0.1007,0.061327
AUS,-26.5485,106.8701,26005540,6.1186,0.061322
BHS,30.52,-75.7,409984,4.0284,0.06126
PRI,30.43,-60.55,3221789,4.5327,0.061208
PRI,17.17,-63.07,3221789,0.2839,0.0612
USA,31.81,-77.22,333287557,2.1716,0.061196
BRA,-21.88205,-40.857183,215313498,0.1248,0.061073
JPN,33.5,136.995,125124989,0.763,0.061027
PRI,20.3746,-63.3564,3221789,1.7748,0.061
USA,31.3438,-71.3528,333287557,5.7115,0.061
USA,32.3786,-121.2014,333287557,1.8161,0.061
AUS,-15.00863,145.38552,26005540,0.0655,0.060851
NCL,-23.8691,162.3485,269220,3.6191,0.060787
BRA,-26.131,-37.5873,215313498,5.3443,0.060781
JPN,32.5,135.008333,125124989,1.1087,0.060735
BHS,26.13,-75.22,409984,1.3398,0.060476
BHS,27.82,-78.9,409984,1.0549,0.060476
CAN,31.24,-60.25,38929902,4.5401,0.060476
PRI,29.97,-57.38,3221789,7.6531,0.060476
PRI,27.62,-61.4,3221789,5.742,0.060476
PRI,24.37,-58.63,3221789,7.3763,0.060476
PRI,26.57,-57.47,3221789,9.2222,0.060476
USA,33.73,-64.85,333287557,1.3526,0.060476
USA,32.1,-64.95,333287557,0.1735,0.060476
USA,31.1,-73.45,333287557,4.6334,0.060476
USA,34.85,-65.3,333287557,2.5392,0.060476
USA,26.21,-144.53,333287557,12.2739,0.060476
USA,26.21,-144.53,333287557,12.2739,0.060476
USA,26.21,-144.53,333287557,12.2739,0.060476
USA,26.21,-144.53,333287557,12.2739,0.060476
USA,26.21,-144.53,333287557,12.2739,0.060476
USA,26.21,-144.53,333287557,12.2739,0.060476
USA,26.21,-144.53,333287557,12.2739,0.060476
USA,26.21,-144.53,333287557,12.2739,0.060476
USA,26.21,-144.53,333287557,12.2739,0.060476
USA,26.21,-144.53,333287557,12.2739,0.060476
USA,26.21,-144.53,333287557,12.2739,0.060476
USA,26.21,-144.53,333287557,12.2739,0.060476
USA,26.21,-144.53,333287557,12.2739,0.060476
USA,26.21,-144.53,333287557,12.2739,0.060476
USA,26.21,-144.53,333287557,12.2739,0.060476
USA,26.21,-144.53,333287557,12.2739,0.060476
USA,26.21,-144.53,333287557,12.2739,0.060476
LKA,5.960833,85.653833,22181000,3.9046,0.060401
PRI,23.87,-58.89,3221789,6.813,0.060104
IDN,7.029333,96.2295,275501339,1.4393,0.060082
JAM,17.93172,-76.84303,2827377,0.0118,0.06
MAR,23.7836,-22.7002,37457971,6.0103,0.06
SLB,15.03,175,724273,6.001,0.06
USA,30.833,-136.933,333287557,15.4853,0.06
USA,39,-135,333287557,10.6888,0.06
CAN,37.28,-64.84,38929902,4.8941,0.059988
GBR,57.1035,-6.504167,66971395,0.0391,0.059929
JPN,31.5,134.993333,125124989,1.9187,0.059844
ESP,42.473333,-9.053333,47778340,0.071,0.059793
AUS,-33.1692,152.6955,26005540,0.65,0.059696
GBR,58.127667,-6.146333,66971395,0.0897,0.059665
USA,19.0713,-155.4457,333287557,0.0827,0.059654
BHS,26.17,-72.5,409984,2.8196,0.05942
USA,32.4,-64.42,333287557,0.2298,0.059396
JPN,29.001667,130.005,125124989,0.586,0.059146
USA,30.2367,-141.7966,333287557,16.8614,0.059
USA,34.9838,-130.9448,333287557,8.2213,0.059
ESP,38.65,0.286667,47778340,0.1031,0.058727
BRA,-27.3323,-26.8913,215313498,7.0988,0.058641
PRI,24.31,-59.95,3221789,6.6835,0.058624
ESP,36.746667,-7.086667,47778340,0.4485,0.058471
BHS,26.14,-74.87,409984,1.6032,0.058316
BHS,26.37,-72.35,409984,3.0678,0.058316
BHS,25.2,-75.8,409984,0.3243,0.058316
BHS,28.65,-74.48,409984,3.3388,0.058316
CAN,32.63,-61.57,38929902,3.0887,0.058316
DOM,22.73,-70.82,11228821,1.2025,0.058316
JAM,17.2,-79.51,2827377,1.5473,0.058316
PRI,28.78,-57.3,3221789,8.1765,0.058316
PRI,29.4,-61.43,3221789,4.3715,0.058316
USA,32.58,-64.67,333287557,0.1914,0.058316
USA,34.7,-64.77,333287557,2.3132,0.058316
USA,40.57,-70.25,333287557,0.6864,0.058316
USA,39.75,-69.93,333287557,1.491,0.058316
VEN,10.98,-65.1,28301696,0.1123,0.058316
VEN,11.07,-66.37,28301696,0.4283,0.058316
MDG,-21.2668,72.1455,29611714,8.7956,0.058202
CAN,38.55,-60.4,38929902,5.3773,0.058172
GBR,56.601667,-6.475333,66971395,0.0393,0.05811
MAR,39.133667,-30.372,37457971,0.812,0.058058
ESH,20.2036,-22.165,4000,3.428,0.058
NAM,-27.1,9.8,2567012,5.2169,0.058
USA,29.94,-156.71,333287557,8.1589,0.05788
GBR,55.530167,-6.505833,66971395,0.1424,0.057847
GBR,56.140167,-2.600667,66971395,0.0881,0.057832
CAN,32.17,-61.73,38929902,2.9244,0.057656
BHS,25.72,-72.42,409984,2.5781,0.057604
CAN,32.68,-62.07,38929902,2.5964,0.057604
BHS,30.12,-70.5,409984,6.0151,0.057596
MAR,35.2107,-33.9168,37457971,4.9262,0.057574
USA,44.086533,-129.018767,333287557,4.6249,0.057427
USA,44.1043,-129.017967,333287557,4.6289,0.057425
AUS,-42.286,148.9709,26005540,0.6121,0.057406
ESP,42.637833,-9.14315,47778340,0.0794,0.057342
PRI,23.65,-64.86,3221789,4.926,0.057312
CHL,-31.978,-90.4108,19603733,9.7923,0.057233
ZAF,-33.887333,26.934,59893885,0.2739,0.057175
CHL,-51.996667,-72.931667,19603733,0.0428,0.057163
AUS,-20.141617,148.8145,26005540,0.0675,0.057093
PER,-27.10583,-109.21083,34049588,0.0092,0.05704
USA,23.52,-141.63,333287557,13.7814,0.057004
USA,22.9567,-161.9107,333287557,0.0894,0.056995
USA,33.72,-65.38,333287557,1.5004,0.056948
ITA,43.765167,9.959,58940425,0.2777,0.056846
GBR,56.5415,-6.5745,66971395,0.0479,0.056776
BRA,-26.316667,-47.216667,215313498,1.275,0.056773
IND,8.857922,78.167117,1417173173,0.0106,0.0567
IND,8.857922,78.167117,1417173173,0.0106,0.0567
USA,31.72,-144.77,333287557,15.6649,0.056532
PER,-27.10722,-109.22171,34049588,0.0006,0.05625
CHL,-27.02439,-89.57097,19603733,9.4928,0.056245
PER,-27.01977,-98.63452,34049588,6.8476,0.056245
PER,-26.46396,-105.36589,34049588,0.0937,0.056245
BHS,24.78,-75.62,409984,0.1175,0.056156
CAN,44.07,-60.6,38929902,0.4824,0.056156
CAN,40.09,-66.61,38929902,3.4735,0.056156
CUB,22.24,-73.72,11212191,0.2738,0.056156
DOM,24.18,-70.07,11228821,2.8311,0.056156
HTI,18.5,-74.83,11584996,0.1946,0.056156
PRI,27.78,-57.62,3221789,8.3899,0.056156
PRI,22.53,-59.98,3221789,5.1491,0.056156
USA,38.77,-69.1,333287557,2.6267,0.056156
USA,25.86,-79.87,333287557,0.2538,0.056156
USA,34.22,-67.11,333287557,2.9393,0.056156
AUS,-20.15195,148.905117,26005540,0.0033,0.05612
ITA,40.974167,9.691667,58940425,0.0407,0.056113
BRA,-13.9923,-20.739,215313498,8.7363,0.056111
MEX,-24.4952,-126.6168,127504125,1.6761,0.056111
GBR,60.6345,-0.6095,66971395,0.1496,0.056059
GBR,56.215333,-2.586667,66971395,0.05,0.056008
GBR,57.710833,-2.099333,66971395,0.006,0.055949
BHS,26.06,-78.02,409984,0.3042,0.055796
USA,37.03,-149.44,333287557,17.456,0.055728
CUB,19.22,-81.28,11212191,0.045,0.055556
BHS,25.79,-79.34,409984,0.0679,0.05554
BHS,27.66,-71.12,409984,4.8502,0.05554
DOM,21.59,-69.1,11228821,2.0323,0.05554
USA,37.124333,-75.570167,333287557,0.2523,0.055279
USA,34.37,-64.63,333287557,1.9819,0.055196
USA,16.28,-160.37,333287557,5.2657,0.055196
MDG,-13.339833,48.018167,29611714,0.1685,0.055084
AUS,-31.0353,153.3573,26005540,0.2895,0.055017
USA,22.0153,-138.7614,333287557,16.2475,0.055
USA,35.09,-65.58,333287557,2.8486,0.054976
LVA,57.2772,23.32125,1879383,0.1212,0.054857
DOM,30.07,-65.3,11228821,2.2227,0.054828
MDG,-19.760833,43.611333,29611714,0.7596,0.054674
GBR,56.218333,-2.4455,66971395,0.1441,0.05461
GRL,68.823,-53.124,56661,0.2015,0.054608
ITA,38.9145,12.5728,58940425,0.6179,0.054335
AUS,-26.7152,153.3799,26005540,0.231,0.054101
GBR,56.724833,-6.3945,66971395,0.0685,0.054027
USA,27.55,-177.03,333287557,0.7176,0.05402
USA,40.9,-71.23,333287557,0.4066,0.054004
ESH,21.3517,-32.5617,4000,8.3824,0.054
PAN,9.3106,-79.9197,4408581,0.0068,0.054
BHS,26.1,-77.73,409984,0.2306,0.053996
DOM,24.65,-70.25,11228821,3.1502,0.053996
DOM,18.08,-68.97,11228821,0.2127,0.053996
HND,16.43,-84.47,10432860,0.5895,0.053996
HTI,20.4,-72.23,11584996,0.5581,0.053996
JAM,18.78,-77.71,2827377,0.2728,0.053996
PRI,26.8,-60.96,3221789,6.6673,0.053996
PRI,24.62,-64.62,3221789,5.8791,0.053996
USA,32.1,-64.95,333287557,0.1735,0.053996
USA,31.74,-68.55,333287557,3.704,0.053996
USA,33.77,-65.42,333287557,1.561,0.053996
USA,31.57,-67.4,333287557,2.613,0.053996
USA,32.6,-119.57,333287557,0.6218,0.053996
USA,26.21,-144.53,333287557,12.2739,0.053996
USA,40.38,-157.49,333287557,14.5203,0.053996
USA,31.7,-71.32,333287557,5.4995,0.05398
CAN,31.83,-61.32,38929902,3.3709,0.053968
JPN,33.505,137.501667,125124989,0.9735,0.053929
PRI,29.24,-59.59,3221789,5.9445,0.053384
ESP,45.1215,-9.773833,47778340,1.9994,0.053377
CHL,-53.328333,-73.065,19603733,0.0317,0.053367
ITA,39.085667,9.110667,58940425,0.0722,0.053306
GBR,55.729,-4.9895,66971395,0.0199,0.053303
BRA,-30.923667,-48.704167,215313498,1.6598,0.053222
NAM,-26.888667,8.4195,2567012,6.5207,0.053017
ESH,21.1235,-21.2737,4000,4.1772,0.053
USA,35.3361,-129.8055,333287557,7.0563,0.053
DOM,27.36,-67.77,11228821,5.6887,0.052796
USA,33.54,-65.63,333287557,1.4446,0.052796
CAN,34.56,-63.5,38929902,2.4694,0.052788
ESP,36.666667,-3.933333,47778340,0.0648,0.052784
DOM,19.71,-69.69,11228821,0.2198,0.05278
AUS,-35.3842,150.8507,26005540,0.2242,0.052609
ESP,42.682333,-9.1735,47778340,0.103,0.052535
IDN,6.5213,91.1412,275501339,2.5557,0.052459
PRI,18.84,-63.62,3221789,0.3058,0.052452
FJI,-18.4795,179.854333,929766,0.0937,0.052411
GBR,57.305,-1.782333,66971395,0.1121,0.052381
GBR,58.098667,-6.1335,66971395,0.121,0.052278
USA,25.1671,-156.26965,333287557,3.8533,0.052272
PRI,24.25,-64.77,3221789,5.5172,0.052196
BRA,-34.230833,-52.378833,215313498,0.9883,0.05217
CUB,24.12,-82.18,11212191,0.4339,0.052064
AUS,-20.0659,116.3518,26005540,0.6425,0.051928
BHS,29.98,-77.52,409984,3.0608,0.051836
CAN,36.87,-65.08,38929902,4.4995,0.051836
DOM,30.1,-65.85,11228821,2.3656,0.051836
JAM,18.02,-75.38,2827377,0.5226,0.051836
PRI,30.03,-59.88,3221789,5.3096,0.051836
PRI,25.72,-58.75,3221789,8.5168,0.051836
PRI,20.48,-64.24,3221789,1.7356,0.051836
USA,31,-68.78,333287557,4.0994,0.051836
USA,40.3,-69.5,333287557,1.0582,0.051836
USA,32.32,-63.75,333287557,0.8989,0.051836
USA,31.97,-68.35,333287557,3.4781,0.051836
USA,39.61,-69.11,333287557,1.85,0.051836
CAN,32.2,-62.73,38929902,1.925,0.051824
AUS,-31.03563,153.35962,26005540,0.2918,0.051817
AUS,-16.5523,145.7586,26005540,0.2007,0.051704
AUS,-18.98292,118.21145,26005540,1.3108,0.051702
GRC,37.9142,23.62655,10426919,0.0185,0.051702
IDN,6.687667,94.0705,275501339,0.2063,0.051561
GBR,54.768,-3.840167,66971395,0.0487,0.051523
PRI,27.76,-59.99,3221789,6.5453,0.051504
PRI,23.35,-60.12,3221789,5.7858,0.051296
USA,32.04,-68.36,333287557,3.4825,0.051296
PNG,-2.8935,150.96,10142619,0.0346,0.051235
JPN,32.505,136.996667,125124989,1.5016,0.05111
PER,-25.8596,-121.3422,34049588,3.6351,0.051101
SEN,16.3191,-35.8907,17316449,10.556,0.051
USA,38.8678,-76.485,333287557,0.0166,0.051
USA,28.3507,-144.203,333287557,13.804,0.051
AUS,-26.72035,153.37913,26005540,0.231,0.050907
JPN,25.7062,153.2397,125124989,1.561,0.050907
ZAF,-34.50888,8.3329,59893885,9.6583,0.05071
ITA,41.248833,9.297717,58940425,0.0298,0.050638
USA,35.89,-65.75,333287557,3.6623,0.050452
JPN,32.003333,135.005,125124989,1.4853,0.050433
BHS,25.58,-75.82,409984,0.5326,0.050404
USA,37.72,-66.48,333287557,4.9616,0.050404
USA,29.35,-78.98,333287557,1.7743,0.050404
USA,37.4,-69.43,333287557,3.8815,0.050396
USA,32.84,-64.69,333287557,0.4516,0.050396
USA,35.31,-65.27,333287557,2.9811,0.050388
JPN,19.4321,156.1433,125124989,5.3099,0.05016
ITA,37.061167,12.1335,58940425,0.2621,0.050022
ESH,22.3833,-29.5,4000,6.7326,0.05
IND,9.0765,78.3651,1417173173,0.007,0.05
IND,9.0765,78.3651,1417173173,0.007,0.05
USA,17.7569,-146.223,333287557,8.7652,0.05
SEN,10.141183,-28.419333,17316449,5.9499,0.049996
USA,33.26,-156.98,333287557,11.2869,0.049996
ZAF,-34.635167,21.006,59893885,0.2291,0.049826
USA,34.83,-65,333287557,2.4627,0.04976
GBR,56.522333,-2.555,66971395,0.045,0.049758
USA,6.84,-149.44,333287557,9.2534,0.049752
CAN,33.05,-60.87,38929902,3.8387,0.049676
CUB,22.8,-73.8,11212191,0.0844,0.049676
HTI,18.98,-74.99,11584996,0.5638,0.049676
PRI,24.05,-58.13,3221789,7.3294,0.049676
PRI,20.45,-59.44,3221789,3.6149,0.049676
PRI,19.5,-63.76,3221789,0.9286,0.049676
USA,34.49,-65.01,333287557,2.1277,0.049676
USA,17.55,-158.31,333287557,2.8457,0.049676
BHS,25.93,-77.95,409984,0.1566,0.049636
JPN,31.501667,136.996667,125124989,2.2845,0.049608
USA,-6.006667,-136.381667,333287557,4.2536,0.049438
USA,31.97,-68.35,333287557,3.4781,0.049384
BHS,25.18,-75.02,409984,0.8086,0.049368
PRI,23.59,-65.74,3221789,5.0249,0.049368
USA,35.31,-69.59,333287557,5.5869,0.049368
USA,51.522833,-146.003833,333287557,7.8952,0.04933
CAN,47.658583,-139.846583,38929902,9.054,0.049246
PRT,39.218667,-9.657667,10409704,0.2737,0.049076
JPN,31.006667,133.003333,125124989,1.6654,0.049074
AUS,-16.5347,145.7419,26005540,0.2093,0.04902
GBR,54.6545,-4.317833,66971395,0.0539,0.049002
CAN,73.6265,-81.3629,38929902,0.0095,0.049
PRT,38.663,-9.397,10409704,0.0366,0.048997
CAN,41.17,-64.32,38929902,2.5724,0.048956
DOM,28.99,-66.56,11228821,3.6752,0.048604
USA,31.75,-66.43,333287557,1.6327,0.048604
USA,40.57,-69.93,333287557,0.673,0.048584
PHL,11.70965,123.281967,115559009,0.1627,0.048541
AUS,-14.9985,145.3829,26005540,0.0579,0.048489
FJI,-18.0035,177.202667,929766,0.0611,0.048478
NAM,-34.50391,0.02498,2567012,11.53,0.048468
PRT,38.42905,-9.14605,10409704,0.0021,0.048393
PRT,38.743167,-9.091667,10409704,0.0074,0.048335
DEU,54.685833,10.952417,83797985,0.1029,0.04833
DOM,24.83,-71.23,11228821,2.9116,0.048284
AUS,-33.8659,152.0208,26005540,0.6847,0.048233
USA,24.5445,-146.4777,333287557,9.7393,0.048206
BRA,-22.297,-29.2472,215313498,1.7153,0.048181
PER,-25.9512,-120.4278,34049588,4.5343,0.048181
GBR,57.900667,-5.845167,66971395,0.0652,0.048123
CAN,31.11,-61.05,38929902,3.8113,0.048032
IRL,58.247167,-13.202833,5127170,0.8109,0.048008
PRI,27.32,-55.15,3221789,10.7547,0.048
TTO,15.1817,-54.0217,1531044,5.7708,0.048
USA,37.5898,-76.2855,333287557,0.0192,0.048
CHL,-27.05913,-76.03883,19603733,3.915,0.047725
CHL,-26.99447,-80.58385,19603733,0.8627,0.047725
GRL,62.176667,-52.435,56661,1.6564,0.047716
GBR,55.953167,-2.277333,66971395,0.0214,0.047649
AUS,-19.42803,115.95395,26005540,1.3384,0.047637
BHS,26.17,-73.47,409984,2.2566,0.047516
BHS,26.35,-78.43,409984,0.2338,0.047516
CAN,36.87,-65.08,38929902,4.4995,0.047516
CAN,36.23,-64.02,38929902,3.897,0.047516
CAN,33.8,-63.45,38929902,1.8666,0.047516
CAN,32.63,-61.57,38929902,3.0887,0.047516
CAN,39.32,-63.14,38929902,4.7561,0.047516
DOM,25.25,-68.2,11228821,4.7532,0.047516
HND,16.96,-84.71,10432860,0.8953,0.047516
JAM,16.95,-77.34,2827377,0.7712,0.047516
PRI,20.72,-59.51,3221789,3.7832,0.047516
PRI,30.85,-58.87,3221789,5.9738,0.047516
PRI,26.65,-57.67,3221789,9.0164,0.047516
PRI,29.4,-59.97,3221789,5.5373,0.047516
USA,38.18,-68.52,333287557,3.3935,0.047516
USA,35.58,-66.13,333287557,3.5051,0.047516
USA,30.94,-69.19,333287557,4.5083,0.047516
USA,32.14,-64.73,333287557,0.1381,0.047516
USA,34.7,-64.77,333287557,2.3132,0.047516
USA,34.72,-64.77,333287557,2.3332,0.047516
USA,39.77,-69.1,333287557,1.7149,0.047516
USA,27.38,-79.55,333287557,0.6438,0.047516
USA,40.92,-70.63,333287557,0.3703,0.047516
FJI,-20.0037,174.9692,929766,1.702,0.04737
DEU,54.481983,10.315433,83797985,0.0388,0.047322
USA,31.73,-64.05,333287557,0.8671,0.047276
SLE,3.27698,-14.96912,8605718,4.7416,0.047142
USA,40.83,-70.15,333287557,0.4152,0.047128
PRI,30,-57.35,3221789,7.6723,0.047124
MAR,24.2975,-17.5836,37457971,1.6997,0.047
USA,27,-133,333287557,14.3884,0.047
GBR,56.166333,-6.064333,66971395,0.0846,0.046953
CAN,32.8,-58.42,38929902,6.2426,0.046932
GBR,55.618833,-4.842167,66971395,0.0303,0.046932
USA,20.6,-154.81,333287557,0.744,0.04688
JPN,31,140,125124989,0.445,0.046879
PRI,29.42,-60.52,3221789,5.0687,0.046804
CAN,44.24,-61.74,38929902,0.7854,0.046796
IDN,-12.241667,96.471667,275501339,0.3632,0.046752
ZAF,-36.499017,23.708367,59893885,2.4077,0.04673
MAR,29.500833,-12.951333,37457971,0.5503,0.046599
ITA,42.785017,10.468967,58940425,0.0372,0.046488
ITA,44.066403,9.550197,58940425,0.1083,0.046483
ITA,37.991333,15.4615,58940425,0.0383,0.046479
ESP,41.966333,-8.943333,47778340,0.0583,0.046441
CAN,33.25,-62.51,38929902,2.3124,0.046376
VEN,13.88,-62.63,28301696,1.4821,0.046332
AUS,-10.74822,142.34017,26005540,0.0663,0.04632
HND,17.04,-86.24,10432860,0.6097,0.046296
MEX,22.47,-107.6,127504125,1.1546,0.04628
ITA,42.996533,9.945017,58940425,0.1021,0.046238
NAM,-20.8803,-5.9975,2567012,4.8702,0.046156
AUS,-16.54286,145.76424,26005540,0.2117,0.046136
BHS,28.28,-69.73,409984,6.2754,0.046128
USA,44.13,-68.82,333287557,0.0151,0.04612
USA,26.22,-176.28,333287557,2.2423,0.046088
JPN,35.001667,141,125124989,0.6364,0.046081
PER,-27.05727,-109.32259,34049588,0.0215,0.04602
MAR,25.6958,-16.8288,37457971,2.0219,0.046
TTO,15.5017,-52.535,1531044,7.2787,0.046
USA,42.3543,-129.4209,333287557,4.8778,0.046
USA,21.6979,-154.6366,333287557,1.6337,0.046
SEN,17.109333,-25.053333,17316449,0.0449,0.045753
BHS,25.3,-76.17,409984,0.1044,0.045744
USA,42.37,-70.18,333287557,0.2842,0.045736
USA,36.34,-149.9,333287557,16.6376,0.045688
IDN,-13.006667,95.578333,275501339,1.5005,0.045651
CAN,35.05,-59.25,38929902,6.0271,0.045592
LKA,5.700667,83.643333,22181000,2.0775,0.045432
PER,-26.1643,-117.5795,34049588,7.3515,0.045423
AUS,-37.87123,139.81547,26005540,0.4211,0.045418
AUS,-33.86847,152.01795,26005540,0.6835,0.045399
MDG,-23.425833,41.5175,29611714,1.5654,0.045389
BHS,25.42,-76.28,409984,0.1079,0.045356
BHS,29.89,-75.07,409984,3.8742,0.045356
BHS,24.86,-74.32,409984,0.7306,0.045356
BHS,28.62,-71.67,409984,5.2757,0.045356
BHS,25.52,-72.54,409984,2.3622,0.045356
CAN,33.55,-61.18,38929902,3.6635,0.045356
CAN,44.18,-59.1,38929902,0.6294,0.045356
CAN,34.2,-64.03,38929902,1.9231,0.045356
CAN,38.64,-63.99,38929902,5.054,0.045356
CAN,34.32,-63.78,38929902,2.1291,0.045356
PRI,21.37,-58.67,3221789,4.8146,0.045356
PRI,19.85,-60.53,3221789,2.4923,0.045356
PRI,25.24,-59.91,3221789,7.5123,0.045356
PRI,22.08,-58.53,3221789,5.4594,0.045356
PRI,29.42,-60.8,3221789,4.843,0.045356
PRI,26.31,-65.09,3221789,5.9433,0.045356
PRI,27.44,-59.64,3221789,7.0193,0.045356
PRI,26.93,-57.68,3221789,8.8341,0.045356
USA,31.43,-67.13,333287557,2.3996,0.045356
USA,34.67,-65.48,333287557,2.4188,0.045356
USA,32.37,-64.56,333287557,0.0876,0.045356
USA,40.69,-70.42,333287557,0.6213,0.045356
USA,24.21,-149.32,333287557,7.2235,0.045356
GBR,56.952833,-6.211833,66971395,0.0496,0.045332
USA,25.51,-79.89,333287557,0.2971,0.045276
BHS,27.3,-75.58,409984,1.6657,0.045244
PRI,29.59,-60.32,3221789,5.1399,0.04516
GBR,57.8075,-7.665667,66971395,0.2368,0.045086
USA,35.43,-65.5,333287557,3.151,0.04504
BHS,25.98,-77.63,409984,0.2272,0.045028
USA,33.72,-65.38,333287557,1.5004,0.045004
PRI,30.3127,-64.1437,3221789,2.0543,0.045
SEN,17.115,-31.3573,17316449,5.9972,0.045
USA,64.32,-167.77,333287557,0.6969,0.045
RUS,74.9586,160.636367,144236933,4.0251,0.044996
AUS,-37.64452,150.39712,26005540,0.4378,0.044983
GNB,7.84113,-18.61772,2105566,4.0143,0.044974
AUS,-37.3779,153.5364,26005540,3.4843,0.044942
AUS,-31.03485,153.36548,26005540,0.297,0.044924
AUS,-20.175583,148.907767,26005540,0.012,0.044905
SLB,-9.232,159.707667,724273,0.0158,0.044853
GBR,57.997667,-5.882667,66971395,0.1645,0.044731
USA,37.4,-69.43,333287557,3.8815,0.044636
FJI,-19.99892,174.97297,929766,1.7074,0.044577
THA,7.2808,96.8997,71697030,1.478,0.044571
PNG,17.4912,157.5383,10142619,7.6657,0.044526
USA,43.1625,-129.18,333287557,4.6249,0.044416
USA,43.145167,-129.186833,333287557,4.6305,0.044413
USA,44.067633,-129.0198,333287557,4.6208,0.044293
USA,44.08425,-129.018917,333287557,4.6244,0.044292
USA,32.37,-146.51,333287557,14.9649,0.044236
GBR,55.872667,-4.944833,66971395,0.0225,0.044068
CAN,73.6265,-81.3629,38929902,0.0095,0.044
CAN,65.2585,-78.7545,38929902,0.6808,0.044
CRI,4.167,-93.433,5180829,2.8808,0.044
CRI,4.033,-92.116,5180829,2.3712,0.044
MAR,24.5276,-17.9505,37457971,2.127,0.044
URY,-35.632,-55.158,3422794,0.6881,0.044
GBR,58.8365,-0.671333,66971395,1.1577,0.043806
BRA,-20.8268,-28.2509,215313498,0.7005,0.043782
PER,-25.8596,-121.3422,34049588,3.6351,0.043782
AUS,-10.7537,142.3313,26005540,0.0619,0.043755
USA,40.58,-157.79,333287557,14.2824,0.043748
USA,40.58,-157.79,333287557,14.2824,0.043748
USA,40.58,-157.79,333287557,14.2824,0.043748
USA,40.58,-157.79,333287557,14.2824,0.043748
USA,40.58,-157.79,333287557,14.2824,0.043748
USA,40.58,-157.79,333287557,14.2824,0.043748
USA,40.58,-157.79,333287557,14.2824,0.043748
USA,40.58,-157.79,333287557,14.2824,0.043748
USA,40.58,-157.79,333287557,14.2824,0.043748
USA,40.58,-157.79,333287557,14.2824,0.043748
USA,40.58,-157.79,333287557,14.2824,0.043748
USA,40.58,-157.79,333287557,14.2824,0.043748
USA,40.58,-157.79,333287557,14.2824,0.043748
USA,40.58,-157.79,333287557,14.2824,0.043748
USA,40.58,-157.79,333287557,14.2824,0.043748
USA,40.58,-157.79,333287557,14.2824,0.043748
USA,40.58,-157.79,333287557,14.2824,0.043748
USA,19.8499,-154.435,333287557,0.5063,0.043713
GBR,55.950167,-4.902667,66971395,0.0136,0.043708
IDN,6.627,90.507,275501339,3.0394,0.043598
USA,2.19,-135.73,333287557,11.2743,0.04358
BRA,-28.5773,-24.9763,215313498,8.9557,0.043562
ARG,-48.841667,-66.793333,46234830,0.2622,0.04342
USA,50.546083,-146.011833,333287557,8.8708,0.04331
IND,9.0765,78.3651,1417173173,0.007,0.0433
IND,9.0765,78.3651,1417173173,0.007,0.0433
AUS,-21.819,113.9455,26005540,0.0776,0.043299
JPN,31.505,133.001667,125124989,1.2067,0.043277
USA,44.28,-66.93,333287557,0.3252,0.043244
USA,24.6,-80.17,333287557,0.5353,0.043244
GBR,58.456833,-5.9115,66971395,0.2581,0.043242
AUS,-20.276517,148.916983,26005540,0.0143,0.043204
USA,31.67,-71.92,333287557,5.0766,0.043204
BHS,26.85,-71.67,409984,3.8873,0.043196
BHS,29.22,-68.85,409984,5.0018,0.043196
BHS,26,-77.82,409984,0.2179,0.043196
BHS,25.48,-75.56,409984,0.6568,0.043196
BHS,28.3,-71.18,409984,5.2954,0.043196
BHS,28.37,-70.28,409984,5.9447,0.043196
BHS,28.72,-68.03,409984,4.7394,0.043196
BHS,26.5,-73.13,409984,2.7069,0.043196
BHS,28.05,-70.23,409984,5.7581,0.043196
BHS,29.35,-78.18,409984,2.4416,0.043196
BHS,27.1,-77.35,409984,0.2813,0.043196
CAN,37.83,-63.73,38929902,5.523,0.043196
CAN,46.07,-57.29,38929902,1.1654,0.043196
CAN,31.87,-57,38929902,7.6638,0.043196
CAN,41.7,-54.15,38929902,4.9543,0.043196
CAN,42.79,-60.86,38929902,1.3716,0.043196
CAN,33.59,-61.95,38929902,2.9614,0.043196
CUB,22.78,-73.74,11212191,0.1207,0.043196
CUB,24.02,-82.06,11212191,0.5353,0.043196
DOM,18.91,-68.24,11228821,0.2776,0.043196
DOM,30.48,-64.89,11228821,1.7689,0.043196
DOM,25.32,-68.45,11228821,4.6599,0.043196
DOM,25.76,-70.95,11228821,3.8038,0.043196
JAM,17.32,-78.7,2827377,0.9708,0.043196
JAM,18,-75.38,2827377,0.5372,0.043196
JAM,17.97,-75.4,2827377,0.5728,0.043196
JAM,17.27,-76.03,2827377,0.6579,0.043196
PRI,20.98,-59.33,3221789,4.0993,0.043196
PRI,28.43,-60.13,3221789,5.9877,0.043196
PRI,26.42,-57.99,3221789,8.922,0.043196
PRI,29.13,-64.94,3221789,3.1198,0.043196
PRI,23.53,-57.75,3221789,7.0927,0.043196
PRI,28.67,-63.07,3221789,3.9846,0.043196
PRI,29.42,-60.8,3221789,4.843,0.043196
PRI,27.97,-60.07,3221789,6.3417,0.043196
PRI,28.68,-65.05,3221789,3.5739,0.043196
PRI,27.74,-62.64,3221789,5.0091,0.043196
PRI,26.29,-57.33,3221789,9.5076,0.043196
PRI,23.04,-64.61,3221789,4.3,0.043196
TTO,11.32,-59.7,1531044,0.8221,0.043196
USA,31,-68.78,333287557,4.0994,0.043196
USA,32.12,-64.62,333287557,0.217,0.043196
USA,41.13,-70.07,333287557,0.1125,0.043196
USA,31.99,-64.6,333287557,0.3325,0.043196
USA,24.48,-81.66,333287557,0.0904,0.043196
USA,40.72,-70.64,333287557,0.5523,0.043196
USA,33.84,-64.62,333287557,1.4524,0.043196
USA,30.67,-69.27,333287557,4.6704,0.043196
USA,30.28,-66.42,333287557,2.5089,0.043196
USA,37.37,-69.42,333287557,3.9127,0.043196
USA,40.05,-70.77,333287557,1.1985,0.043196
USA,40.72,-68.28,333287557,1.7674,0.043196
USA,32.12,-68,333287557,3.1182,0.043196
USA,31.73,-68.77,333287557,3.9231,0.043196
USA,31.38,-66.4,333287557,1.7584,0.043196
USA,41.28,-71.1,333287557,0.2023,0.043196
USA,42.24,-70.56,333287557,0.1522,0.043196
USA,32.65,-64.19,333287557,0.5374,0.043196
USA,11.09,-156.77,333287557,7.2874,0.043196
USA,11.09,-156.77,333287557,7.2874,0.043196
USA,11.09,-156.77,333287557,7.2874,0.043196
USA,11.09,-156.77,333287557,7.2874,0.043196
USA,11.09,-156.77,333287557,7.2874,0.043196
USA,11.09,-156.77,333287557,7.2874,0.043196
USA,11.09,-156.77,333287557,7.2874,0.043196
USA,11.09,-156.77,333287557,7.2874,0.043196
USA,11.09,-156.77,333287557,7.2874,0.043196
USA,11.09,-156.77,333287557,7.2874,0.043196
USA,11.09,-156.77,333287557,7.2874,0.043196
USA,11.09,-156.77,333287557,7.2874,0.043196
USA,11.09,-156.77,333287557,7.2874,0.043196
USA,11.09,-156.77,333287557,7.2874,0.043196
USA,11.09,-156.77,333287557,7.2874,0.043196
USA,11.09,-156.77,333287557,7.2874,0.043196
USA,11.09,-156.77,333287557,7.2874,0.043196
BHS,26.23,-77.91,409984,0.3365,0.043184
GBR,57.2265,-1.912167,66971395,0.1089,0.043062
TTO,15.0295,-55.487,1531044,4.3608,0.043
PRI,28.04,-59.49,3221789,6.7279,0.042992
USA,25.69,-141.14,333287557,15.0072,0.042824
PRI,25.4,-58.61,3221789,8.3175,0.042728
AUS,-19.43,115.9255,26005540,1.3261,0.042522
GBR,57.3255,-7.075333,66971395,0.1217,0.042301
AUS,-37.37283,153.54095,26005540,3.4887,0.042293
USA,40.16,-157.42,333287557,14.7481,0.042284
PRI,20.88,-59.15,3221789,4.131,0.042252
AUS,-12.01502,143.27793,26005540,0.0535,0.042218
AUS,-18.73008,118.74132,26005540,1.2864,0.042194
AUS,-19.4277,115.961,26005540,1.3414,0.04217
GBR,55.9465,-2.1475,66971395,0.0289,0.042147
USA,52.78125,-144.485,333287557,6.885,0.042016
USA,32.4243,-119.9639,333287557,0.9096,0.042
USA,22.0117,-160.8771,333287557,0.6518,0.041997
ISL,66.883333,-9.15,382003,3.9249,0.041683
DZA,36.773149,2.820132,44903225,0.0353,0.041677
GBR,55.901,-4.909167,66971395,0.0179,0.041614
IDN,-11.078883,122.556917,275501339,0.3228,0.041433
BHS,24.35,-73.85,409984,0.6354,0.041404
USA,24.59,-143.47,333287557,12.431,0.041396
USA,24.59,-143.47,333287557,12.431,0.041396
USA,24.59,-143.47,333287557,12.431,0.041396
USA,24.59,-143.47,333287557,12.431,0.041396
USA,24.59,-143.47,333287557,12.431,0.041396
USA,24.59,-143.47,333287557,12.431,0.041396
USA,24.59,-143.47,333287557,12.431,0.041396
USA,24.59,-143.47,333287557,12.431,0.041396
USA,24.59,-143.47,333287557,12.431,0.041396
USA,24.59,-143.47,333287557,12.431,0.041396
USA,24.59,-143.47,333287557,12.431,0.041396
USA,24.59,-143.47,333287557,12.431,0.041396
USA,24.59,-143.47,333287557,12.431,0.041396
USA,24.59,-143.47,333287557,12.431,0.041396
USA,24.59,-143.47,333287557,12.431,0.041396
USA,24.59,-143.47,333287557,12.431,0.041396
USA,24.59,-143.47,333287557,12.431,0.041396
NCL,-22.60532,172.08257,269220,2.6711,0.04127
JPN,31.005,135.991667,125124989,2.4394,0.041096
BRA,-23.008333,-28.24,215313498,2.5714,0.041093
BHS,27.15,-71.18,409984,4.4496,0.041036
BHS,24.48,-73.72,409984,0.8083,0.041036
BHS,23.79,-74.96,409984,0.0961,0.041036
BHS,24.37,-74.65,409984,0.2869,0.041036
DOM,24.8,-70.47,11228821,3.195,0.041036
DOM,21.08,-68.58,11228821,1.836,0.041036
PRI,29.42,-57.48,3221789,7.7503,0.041036
PRI,25.93,-58,3221789,9.0558,0.041036
PRI,21.82,-58.07,3221789,5.5478,0.041036
PRI,28.07,-58.82,3221789,7.2373,0.041036
PRI,29.79,-59.45,3221789,5.8014,0.041036
USA,32.9,-64.68,333287557,0.5114,0.041036
USA,31,-66.49,333287557,2.046,0.041036
PRT,38.43987,-9.09325,10409704,0.0035,0.041031
ITA,37.913167,12.265833,58940425,0.0205,0.041016
GBR,60.580167,0.525,66971395,1.2799,0.041007
CAN,73.6261,-81.3676,38929902,0.0077,0.041
PRI,27.9146,-64.0454,3221789,4.4047,0.041
SEN,16.8482,-28.2345,17316449,2.8815,0.041
USA,32.7643,-117.1701,333287557,0.0378,0.041
CHL,-27.00726,-80.57906,19603733,0.8708,0.040905
JPN,30.498333,136.006667,125124989,2.9453,0.0409
BRA,-29.5155,-24.6103,215313498,9.9599,0.040881
BRA,-33.9352,-35.503,215313498,12.7423,0.040881
CAN,31.47,-55.68,38929902,9.0125,0.040816
CAN,42.79,-60.86,38929902,1.3716,0.040796
PRI,20.88,-59.15,3221789,4.131,0.040792
AUS,-21.82425,113.93932,26005540,0.0796,0.040734
USA,24.73,-139.58,333287557,16.1047,0.040724
AUS,-40.6433,155.8671,26005540,6.6709,0.040683
JPN,34.001667,137.493333,125124989,0.6539,0.040675
IDN,1.746667,125.935,275501339,0.5856,0.040552
USA,37.73,-148.97,333287557,18.2887,0.04052
DOM,29.63,-65.48,11228821,2.6911,0.040496
PRI,23.59,-65.74,3221789,5.0249,0.040496
USA,33.54,-64.87,333287557,1.1676,0.040496
HTI,15.94,-73.37,11584996,2.1308,0.040484
DOM,29.14,-65.08,11228821,3.1166,0.04048
GBR,56.8385,-2.1295,66971395,0.0937,0.040177
CUB,24.2,-81.92,11212191,0.3584,0.040112
USA,32.01,-66.6,333287557,1.7355,0.040112
MAR,34.299167,-14.333667,37457971,2.2893,0.040052
AUS,-19.43043,115.91705,26005540,1.3227,0.040021
GBR,56.1245,-2.390667,66971395,0.148,0.040009
IDN,7.1327,134.292,275501339,0.0613,0.04
MAR,26.55,-16.2,37457971,1.3178,0.04
SEN,18.5662,-29.6928,17316449,4.5882,0.04
USA,39.095,-73.73,333287557,0.678,0.04
JPN,29.008333,132.998333,125124989,2.4511,0.039994
CAN,31.8,-60.25,38929902,4.4342,0.039884
GBR,55.231667,-5.642167,66971395,0.0723,0.039854
GBR,57.793333,-6.724833,66971395,0.0418,0.039852
GRL,73.083333,-15.526667,56661,2.6675,0.03984
AUS,-37.6376,150.3985,26005540,0.4368,0.03981
MAR,38.489,-28.559167,37457971,0.0103,0.039775
FJI,-16.434333,-151.096167,929766,0.2667,0.039729
BHS,27.82,-78.56,409984,1.01,0.039624
CAN,33.76,-62.64,38929902,2.4429,0.039604
USA,34.45,-65.72,333287557,2.3033,0.039604
DOM,28.74,-65.99,11228821,3.6861,0.039596
USA,32.13,-64.63,333287557,0.203,0.039596
JPN,33.006667,134.506667,125124989,0.3981,0.0395
HTI,23.23,-72.55,11584996,0.8884,0.039292
FJI,-18.58183,176.4844,929766,0.9627,0.039291
USA,36.22,-65.38,333287557,3.8955,0.039284
BHS,24.87,-73.46,409984,1.2358,0.039268
CAN,36.82,-64.25,38929902,4.4518,0.039268
USA,36.93,-66.67,333287557,4.959,0.039132
BRA,18.917,-39.8,215313498,14.5591,0.039
AUS,-37.62907,150.40002,26005540,0.4355,0.038977
BHS,24.9,-74.02,409984,0.8761,0.038876
BHS,27.75,-71.64,409984,4.5787,0.038876
CUB,23.62,-74.73,11212191,0.0818,0.038876
CUB,24.14,-74.05,11212191,0.3814,0.038876
DOM,24.78,-71.63,11228821,2.6417,0.038876
DOM,20.24,-71.71,11228821,0.3487,0.038876
DOM,19.74,-69.53,11228821,0.3792,0.038876
JAM,19.26,-78.73,2827377,0.9565,0.038876
PRI,25.93,-58,3221789,9.0558,0.038876
PRI,29.9,-59.78,3221789,5.4569,0.038876
PRI,29.32,-61.35,3221789,4.4846,0.038876
USA,31.57,-67.18,333287557,2.4019,0.038876
USA,32.73,-64.33,333287557,0.4814,0.038876
USA,39.92,-70.28,333287557,1.3343,0.038876
USA,31.69,-69.19,333287557,4.3446,0.038876
USA,31.8,-68.17,333287557,3.3193,0.038876
USA,40.23,-69.51,333287557,1.1173,0.038876
USA,32.6,-77.15,333287557,1.4932,0.038876
USA,34.12,-65.28,333287557,1.8336,0.038876
USA,32.35,-64.5,333287557,0.1488,0.038876
USA,30.79,-72.38,333287557,5.4526,0.038876
VEN,14.07,-68.7,28301696,1.7403,0.038876
LBR,1.0645,-10.585833,5302681,4.1974,0.038661
MDG,-18.541667,63.026667,29611714,1.1992,0.038544
BHS,28.67,-71.95,409984,5.1769,0.038536
PRI,15.37,-62.1,3221789,0.6331,0.038416
USA,33.03,-64.39,333287557,0.7023,0.038396
IDN,-10.085,99.695,275501339,3.4691,0.038388
AUS,-36.0455,135.6857,26005540,0.8573,0.03837
AUS,-20.31557,115.66887,26005540,0.4146,0.038231
DOM,24.55,-68.2,11228821,4.2252,0.038212
PRI,21.65,-64.82,3221789,2.9343,0.038112
GBR,54.766333,-5.157167,66971395,0.0843,0.038093
CHL,-26.99274,-80.58564,19603733,0.8623,0.038025
BRA,16.4215,-42.6645,215313498,14.8871,0.038
BRA,18.7888,-38.3155,215313498,13.0705,0.038
CRI,1.95,-95.583,5180829,3.5833,0.038
MAR,26.3667,-16.8167,37457971,1.6364,0.038
TTO,15.2898,-54.2092,1531044,5.6355,0.038
USA,35.6239,-128.6742,333287557,5.9445,0.038
AUS,-41.9183,144.539,26005540,0.4378,0.037994
JPN,33.011667,135.015,125124989,0.6869,0.037903
USA,26.14,-143.12,333287557,13.4439,0.037872
USA,32.77,-64.58,333287557,0.3933,0.037836
CAN,40.5,-64.07,38929902,3.2859,0.037796
PRI,23.78,-59.05,3221789,6.6635,0.037796
USA,25.65,-79.46,333287557,0.1643,0.037796
CAN,37.23,-64.5,38929902,4.8445,0.037788
BRA,-26.1893,-38.7646,215313498,4.5656,0.037736
ESP,36.142667,-6.047833,47778340,0.0481,0.037571
SEN,16.368,-22.926333,17316449,0.1245,0.037517
GBR,57.021667,-6.475167,66971395,0.0265,0.037457
CAN,43.92,-64.42,38929902,0.2132,0.037436
USA,37.25,-67.8,333287557,4.5489,0.037436
USA,33.38,-64.87,333287557,1.0101,0.037436
USA,35.41,-67.67,333287557,4.1742,0.037436
USA,39.94,-69.34,333287557,1.4519,0.037436
CAN,39.18,-63.65,38929902,4.6628,0.03734
GBR,54.752667,-4.151167,66971395,0.029,0.037218
PNG,-9.572667,152.784667,10142619,0.3161,0.037082
JPN,22.0337,161.8278,125124989,5.5257,0.037
MAR,24.6667,-17.7,37457971,1.9668,0.037
RUS,63.1,-173.85,144236933,1.2508,0.037
JPN,33.501667,136.501667,125124989,0.5151,0.036983
CYP,33.7346,32.7224,1251488,0.8621,0.036978
PRT,38.42905,-9.14605,10409704,0.0021,0.036929
GBR,54.629,-4.750667,66971395,0.1085,0.036927
JPN,30.491667,132.001667,125124989,0.9458,0.03688
ESP,42.502667,-9.549333,47778340,0.4785,0.03682
PRI,22.9,-59.27,3221789,5.7746,0.0368
BHS,26.27,-78.57,409984,0.2434,0.036756
CAN,54.2625,-53.370167,38929902,2.5095,0.036734
BHS,25.82,-76.98,409984,0.2317,0.036716
BHS,27.45,-72.9,409984,3.6572,0.036716
BHS,26.44,-79.02,409984,0.2093,0.036716
CAN,35.88,-58.03,38929902,7.4917,0.036716
CAN,31.85,-62.65,38929902,2.0638,0.036716
CAN,31.5,-60.47,38929902,4.2669,0.036716
CAN,31.38,-59.92,38929902,4.8298,0.036716
CUB,22.86,-74.48,11212191,0.1334,0.036716
DOM,22.73,-70.82,11228821,1.2025,0.036716
DOM,26.23,-67.97,11228821,5.6816,0.036716
GBR,58.026167,-5.617167,66971395,0.0975,0.036716
PRI,23.47,-58.37,3221789,6.7076,0.036716
PRI,25.17,-60.07,3221789,7.3764,0.036716
PRI,20.7,-59.4,3221789,3.8341,0.036716
USA,40.48,-70.6,333287557,0.7941,0.036716
USA,43.97,-68,333287557,0.3634,0.036716
USA,34.36,-66.05,333287557,2.3644,0.036716
USA,32.13,-67.4,333287557,2.5186,0.036716
USA,40.23,-69.51,333287557,1.1173,0.036716
USA,26.72,-82.88,333287557,0.5469,0.036716
USA,32.59,-73.26,333287557,3.4893,0.036716
USA,24.08,-156.87,333287557,2.6135,0.036716
USA,19.43,-145.47,333287557,9.3444,0.036716
IND,9.0765,78.3651,1417173173,0.007,0.0366
USA,43.122333,-129.1965,333287557,4.6387,0.036533
USA,43.140333,-129.188333,333287557,4.6317,0.036529
MEX,23.63,-109.38,127504125,0.1155,0.036464
IDN,-1.241833,138.395167,275501339,0.4398,0.036463
CAN,35.92,-59.23,38929902,6.4781,0.0364
GRL,75.698167,-65.011333,56661,0.4088,0.03628
GBR,55.986833,-2.290167,66971395,0.0534,0.036143
IDN,6.407333,88.701167,275501339,4.7447,0.036134
MYS,5.971167,115.159667,33938221,0.5542,0.036106
PRI,30.19,-56.62,3221789,8.3179,0.036084
AGO,-19.1813,-5.9712,35588987,3.1724,0.036072
USA,48.7645,-144.4735,333287557,10.8094,0.036032
VEN,14.85,-62.38,28301696,1.0667,0.036004
DOM,19.9017,-70.9533,11228821,0.0093,0.036
ESH,22.7833,-32.4867,4000,9.1378,0.036
ESP,42.02,3.236667,47778340,0.0346,0.036
MAR,28.7401,-13.8608,37457971,0.0003,0.036
RUS,61.91,-176.04,144236933,2.9295,0.036
TTO,15.0333,-55.6667,1531044,4.2008,0.036
USA,22,-149.9,333287557,5.5105,0.036
USA,32.4279,-120.0601,333287557,0.9548,0.036
USA,24.6293,-151.6611,333287557,5.788,0.036
CAN,31.9,-57.12,38929902,7.5422,0.035996
DOM,21.54,-69.53,11228821,1.6003,0.035996
JAM,18.96,-78.46,2827377,0.5645,0.035996
PRI,30.71,-62.86,3221789,2.4322,0.035996
USA,31.83,-64.87,333287557,0.4189,0.035996
BHS,26.16,-77.83,409984,0.2793,0.035992
BHS,25.36,-76.07,409984,0.212,0.035992
CAN,34.87,-57.38,38929902,7.6862,0.035992
DOM,22.93,-69.77,11228821,1.9692,0.035992
DOM,22.93,-69.77,11228821,1.9692,0.035992
JAM,18.08,-78.78,2827377,0.4429,0.035992
AUS,-20.10255,148.858133,26005540,0.0355,0.035978
JPN,29.498333,132.998333,125124989,2.2127,0.03596
AUS,-42.8332,148.44095,26005540,0.3231,0.035888
AUS,-12.0031,143.2817,26005540,0.0478,0.035879
PER,-26.502972,-105.5845,34049588,0.1223,0.035795
PER,-27.00661,-101.59784,34049588,3.8995,0.03579
MEX,7.47,-128.906667,127504125,17.8044,0.035754
BHS,27.55,-71.97,409984,4.2202,0.03568
JPN,31.503333,132.008333,125124989,0.5654,0.035555
PRT,40.617633,-8.826117,10409704,0.0664,0.035406
HND,16.45,-82.48,10432860,1.5023,0.035348
USA,31.12,-70.35,333287557,5.5863,0.035348
CAN,43.43,-64.55,38929902,0.4932,0.035328
GNB,5.7515,-27.388833,2105566,5.2512,0.035306
GBR,58.363333,-5.414,66971395,0.1043,0.035147
BHS,26.87,-71.95,409984,3.7063,0.035112
CAN,31.87,-57,38929902,7.6638,0.035096
DOM,26.16,-67.6,11228821,5.8401,0.035096
PRI,27.14,-60.1,3221789,6.9212,0.035096
PRI,18.67,-64.98,3221789,0.285,0.035096
PRI,21.85,-57.53,3221789,5.9424,0.035096
CAN,35.63,-64.77,38929902,3.2427,0.035088
NCL,-22.6078,172.0762,269220,2.678,0.035071
MEX,4.667,-113.283,127504125,6.9313,0.035
RUS,50.24,165.13,144236933,4.6977,0.035
TTO,14.3154,-59.5381,1531044,0.9737,0.035
USA,32.4016,-119.9918,333287557,0.9428,0.035
USA,32.4016,-119.9682,333287557,0.9318,0.035
PER,-26.6982,-112.871,34049588,3.4522,0.034899
CAN,36.31,-64.8,38929902,3.9233,0.034888
CUB,24.64,-84.35,11212191,1.9423,0.034888
USA,33.35,-150.87,333287557,13.5169,0.034888
AUS,-20.228133,148.7833,26005540,0.0121,0.034875
CAN,33.42,-58.63,38929902,6.1089,0.034864
GBR,56.288167,-2.501667,66971395,0.0753,0.034858
JPN,33.008333,139.003333,125124989,0.7063,0.034702
PRI,22.34,-58.71,3221789,5.5691,0.034696
PNG,15.2175,159.9003,10142619,6.4249,0.034662
BHS,28.42,-70.18,409984,6.0506,0.034556
BHS,27.25,-77.65,409984,0.3324,0.034556
BHS,28.3,-71.18,409984,5.2954,0.034556
BHS,25.27,-77.23,409984,0.2135,0.034556
CAN,31.69,-60.38,38929902,4.3212,0.034556
CAN,37.27,-51.32,38929902,9.535,0.034556
CAN,31.18,-56.85,38929902,7.8876,0.034556
CAN,34.12,-58.17,38929902,6.7103,0.034556
CAN,42.17,-61.95,38929902,2.5502,0.034556
CAN,30.98,-59.77,38929902,5.0713,0.034556
DOM,25.98,-70.88,11228821,4.0093,0.034556
DOM,27.78,-67.52,11228821,5.2,0.034556
HND,17.37,-82.47,10432860,1.4429,0.034556
JAM,17.88,-76.13,2827377,0.068,0.034556
PRI,20.98,-59.33,3221789,4.0993,0.034556
PRI,18.83,-59.35,3221789,2.6678,0.034556
PRI,30.43,-60.55,3221789,4.5327,0.034556
PRI,27.27,-62.37,3221789,5.5496,0.034556
PRI,29.93,-61.81,3221789,3.7359,0.034556
PRI,24.84,-59.9,3221789,7.1661,0.034556
PRI,28.72,-59.85,3221789,6.0229,0.034556
PRI,27.52,-62.71,3221789,5.1804,0.034556
PRI,25.49,-59.5,3221789,7.9288,0.034556
TTO,12.92,-61.08,1531044,0.1024,0.034556
USA,34.45,-65.72,333287557,2.3033,0.034556
USA,31.98,-66.37,333287557,1.5145,0.034556
USA,31.96,-64.42,333287557,0.4547,0.034556
USA,31.37,-69.22,333287557,4.429,0.034556
USA,34.22,-65.34,333287557,1.948,0.034556
USA,35.53,-64.83,333287557,3.1451,0.034556
USA,35.82,-65.81,333287557,3.6138,0.034556
USA,40.94,-67.32,333287557,2.659,0.034556
USA,41.3,-70.93,333287557,0.0959,0.034556
USA,31.91,-66.69,333287557,1.8421,0.034556
USA,42.34,-70.34,333287557,0.282,0.034556
USA,30.73,-68.07,333287557,3.5403,0.034556
USA,43.64,-69.63,333287557,0.1521,0.034556
USA,39.16,-70.31,333287557,2.0926,0.034556
ESP,39.1395,1.752167,47778340,0.1539,0.034546
PRI,28.69,-59.68,3221789,6.1771,0.034544
JPN,32.661667,133.82,125124989,0.6761,0.034498
AUS,-18.9851,118.2031,26005540,1.314,0.03434
NCL,-22.60033,172.096,269220,2.6568,0.034331
GBR,57.758167,-3.384833,66971395,0.0354,0.034187
USA,-14.4675,-143.850333,333287557,1.0308,0.034178
AUS,-33.88162,152.00315,26005540,0.6777,0.03416
CAN,31.47,-55.68,38929902,9.0125,0.034112
PER,-27.06893,-109.32339,34049588,0.0104,0.03409
PER,-28.1885,-106.3073,34049588,1.9209,0.034088
PRI,30.073,-58.7081,3221789,6.3676,0.034088
BRA,-30.6643,-22.6652,215313498,11.8995,0.034068
ESH,19.645833,-29.406667,4000,4.8009,0.034041
MAR,26.6383,-21.3917,37457971,3.4083,0.034
MAR,26.3442,-20.0108,37457971,2.3072,0.034
PRI,24.4336,-64.2781,3221789,5.6875,0.034
TTO,14.6786,-57.2832,1531044,2.6269,0.034
CAN,34.89,-63.04,38929902,2.9889,0.03394
USA,42.34,-70.26,333287557,0.2592,0.03394
JPN,31.998333,140.003333,125124989,0.4986,0.033805
GBR,58.107667,-5.793667,66971395,0.2381,0.033715
GBR,56.062333,-3.139833,66971395,0.0197,0.03371
PRI,28.68,-65.05,3221789,3.5739,0.033596
LKA,6.1657,86.9503,22181000,5.1307,0.033527
USA,54.671,-144.292583,333287557,5.1517,0.033507
AUS,-37.61427,150.40195,26005540,0.4331,0.033418
USA,19.6952,-154.3368,333287557,0.5132,0.033238
ZAF,-34.3095,18.359667,59893885,0.0438,0.033217
NAM,-34.49666,5.10195,2567012,12.434,0.033133
TTO,15.13,-62.03,1531044,0.6591,0.033116
AUS,-37.6223,150.4009,26005540,0.4343,0.033115
BRA,-31.8705,-20.748,215313498,9.9079,0.03309
DOM,24.2,-69.95,11228821,2.9098,0.033036
ESH,20.0147,-28.8781,4000,4.5915,0.033
MAR,24.2317,-21.2217,37457971,4.6416,0.033
MAR,28.5446,-14.0644,37457971,0.0037,0.033
MEX,3.2,-107.266,127504125,7.3458,0.033
SEN,16.3997,-28.7435,17316449,3.446,0.033
USA,34.1215,-132.7483,333287557,10.2181,0.033
AUS,-12.26547,141.62913,26005540,0.0732,0.0329
AUS,-20.3179,115.6619,26005540,0.409,0.032483
USA,11.44,-156.82,333287557,7.478,0.032404
BHS,25.58,-75,409984,1.1217,0.032396
BHS,25.62,-76.55,409984,0.1403,0.032396
BHS,25.95,-75.27,409984,1.177,0.032396
BHS,28,-71.13,409984,5.0957,0.032396
BHS,30.28,-72.33,409984,5.9035,0.032396
BHS,24.83,-73.47,409984,1.2045,0.032396
BHS,27.99,-78.26,409984,1.1238,0.032396
CAN,38.73,-65.4,38929902,4.6976,0.032396
CAN,39.33,-65.77,38929902,4.0945,0.032396
CAN,36.54,-64.19,38929902,4.1797,0.032396
CAN,40.44,-64.48,38929902,3.19,0.032396
DOM,15.35,-72.53,11228821,2.4149,0.032396
DOM,26.76,-67.36,11228821,6.031,0.032396
HND,16.76,-81.93,10432860,2.0865,0.032396
JAM,18.56,-78.65,2827377,0.3709,0.032396
JAM,17.27,-76.75,2827377,0.5841,0.032396
PRI,26.1,-57.6,3221789,9.3837,0.032396
PRI,29.3,-59.37,3221789,6.1028,0.032396
PRI,29.3,-59.37,3221789,6.1028,0.032396
PRI,27.78,-57.62,3221789,8.3899,0.032396
PRI,29.2,-63.08,3221789,3.5086,0.032396
PRI,29.43,-60.28,3221789,5.2608,0.032396
PRI,28.25,-64.89,3221789,3.9985,0.032396
PRI,30.4,-60.58,3221789,4.5184,0.032396
PRI,30.18,-59.48,3221789,5.6118,0.032396
PRI,30.49,-59.68,3221789,5.3108,0.032396
PRI,22.57,-64.8,3221789,3.8453,0.032396
PRI,30.46,-60.98,3221789,4.1334,0.032396
PRI,28.86,-64.34,3221789,3.4239,0.032396
TTO,11.45,-59.51,1531044,1.0186,0.032396
USA,30.2,-68.43,333287557,4.1065,0.032396
USA,40.25,-70.55,333287557,1.0293,0.032396
USA,29.58,-79.67,333287557,1.3218,0.032396
USA,32.95,-65.55,333287557,0.9299,0.032396
USA,31.73,-63.23,333287557,1.5547,0.032396
USA,33.81,-64.62,333287557,1.4224,0.032396
USA,42.67,-69.32,333287557,0.9649,0.032396
USA,40.48,-69.35,333287557,0.9864,0.032396
USA,35.71,-67.12,333287557,4.0755,0.032396
USA,19.24,-156.55,333287557,0.6382,0.032396
AUS,-18.65127,119.49575,26005540,1.3329,0.032324
GBR,58.502667,-6.513,66971395,0.0997,0.032219
AUS,-41.88393,148.48472,26005540,0.161,0.032146
LKA,5.7087,83.7122,22181000,2.1362,0.032069
DOM,24.2909,-67.3977,11228821,4.6587,0.032
ECU,0.683,-85.1,18001000,4.3754,0.032
USA,47.2972,-122.4301,333287557,0.0023,0.032
JPN,29.001667,131.501667,125124989,1.4735,0.031807
PRI,21.15,-64.42,3221789,2.4051,0.031676
DEU,54.289083,11.604533,83797985,0.1561,0.031576
GBR,56.068667,-2.299333,66971395,0.1303,0.031503
GBR,56.114833,-2.776,66971395,0.051,0.031501
USA,9.55,-155.93,333287557,6.5716,0.031496
USA,36.22,-65.38,333287557,3.8955,0.03142
USA,33.1,-149.63,333287557,13.8405,0.03142
USA,39.08,-72.25,333287557,1.755,0.031404
PRT,39.653333,-16.681167,10409704,6.5527,0.031364
FJI,-18.5851,176.4799,929766,0.9683,0.031306
ZAF,-35.41008,13.46849,59893885,5.007,0.031277
GBR,56.009333,-3.089667,66971395,0.0499,0.031247
LKA,5.6295,83.071167,22181000,1.6195,0.031239
CUB,23.6,-83.7,11212191,0.7416,0.031196
USA,31.55,-63.97,333287557,1.054,0.031192
USA,31.38,-72.2,333287557,5.0979,0.031192
GRL,52.125667,-39.173667,56661,8.8096,0.03114
JAM,17.37,-79.04,2827377,1.0999,0.031108
AUS,-21.063167,149.261833,26005540,0.0406,0.031064
AUS,-18.71774,118.75362,26005540,1.2949,0.031063
GBR,54.694833,-4.3425,66971395,0.0089,0.031009
ATA,-64.8439,-62.5312,40,0.0126,0.031
USA,36.9731,-122.9537,333287557,0.5922,0.031
BRA,-26.6971,-28.091,215313498,6.229,0.030919
BHS,25.77,-77.3,409984,0.1354,0.030864
CAN,31.22,-59.48,38929902,5.2937,0.030856
CAN,43.61,-63.71,38929902,0.8343,0.030856
USA,20.24,-157.38,333287557,0.6457,0.030856
GRL,67.3065,-54.739833,56661,0.8008,0.030836
BHS,28.65,-71.97,409984,5.1497,0.030828
BHS,28.65,-71.97,409984,5.1497,0.030828
BHS,28.65,-71.95,409984,5.1594,0.030828
CAN,37.48,-61.3,38929902,6.109,0.0307
IDN,3.172167,130.077333,275501339,1.0634,0.030698
PER,-26.9999,-104.53577,34049588,1.0676,0.03068
PER,-26.509417,-105.581694,34049588,0.1222,0.03068
PER,-26.45324,-105.36645,34049588,0.0938,0.03068
USA,30.2,-68.43,333287557,4.1065,0.030604
MAR,36.914167,-25.096333,37457971,0.0314,0.030571
GBR,57.723833,-2.554333,66971395,0.0418,0.030549
IDN,6.9277,95.3367,275501339,1.0235,0.030541
TTO,12.567333,-61.431333,1531044,0.0202,0.030493
GRL,53.974833,-41.6575,56661,6.1738,0.030401
GBR,58.607833,-6.7675,66971395,0.2731,0.030332
USA,51.77825,-144.507667,333287557,7.8502,0.030317
NCL,-22.595,172.11148,269220,2.6404,0.030299
AUS,-43.56667,145.78497,26005540,0.2396,0.030272
BHS,26.3,-75.28,409984,1.4326,0.030236
BHS,25.92,-76.75,409984,0.3566,0.030236
BHS,25.67,-74.8,409984,1.3143,0.030236
BHS,29,-71.82,409984,5.5287,0.030236
BHS,25.57,-73.6,409984,1.6666,0.030236
BHS,26.25,-78.95,409984,0.3165,0.030236
CAN,42.23,-52.17,38929902,4.5055,0.030236
CAN,44.24,-61.74,38929902,0.7854,0.030236
CUB,23.23,-74.93,11212191,0.1341,0.030236
CUB,21.3,-73.75,11212191,0.2022,0.030236
CUB,24.39,-83,11212191,0.878,0.030236
CUB,23.84,-81.55,11212191,0.6794,0.030236
DOM,23.6,-70.17,11228821,2.2874,0.030236
DOM,24.65,-70.25,11228821,3.1502,0.030236
DOM,26.23,-67.97,11228821,5.6816,0.030236
DOM,25.37,-68.49,11228821,4.678,0.030236
DOM,19.71,-69.16,11228821,0.3539,0.030236
HND,16.62,-83.95,10432860,0.7896,0.030236
HTI,20.59,-72,11584996,0.7633,0.030236
HTI,16.75,-74.58,11584996,1.4548,0.030236
JAM,18.04,-78.86,2827377,0.5321,0.030236
PRI,15.35,-62.1,3221789,0.6387,0.030236
PRI,25.5,-60.14,3221789,7.6414,0.030236
PRI,26.23,-56.63,3221789,9.9694,0.030236
PRI,27.52,-60.91,3221789,6.1126,0.030236
PRI,27.46,-65.12,3221789,4.7959,0.030236
PRI,29.13,-64.94,3221789,3.1198,0.030236
PRI,27.92,-59.5,3221789,6.7978,0.030236
PRI,27.59,-60.38,3221789,6.3987,0.030236
USA,31.57,-67.18,333287557,2.4019,0.030236
USA,32.16,-64.88,333287557,0.0909,0.030236
USA,32.18,-64.61,333287557,0.1688,0.030236
USA,34.56,-66.13,333287557,2.578,0.030236
USA,32.78,-64.11,333287557,0.6772,0.030236
GBR,58.579167,-6.222833,66971395,0.0712,0.030151
GBR,57.9035,-6.037,66971395,0.2365,0.030139
NCL,-23.031167,164.55,269220,1.6322,0.030111
BHS,24,-74.77,409984,0.2156,0.03006
CAN,73.6265,-81.3629,38929902,0.0095,0.03
CRI,9.9429,-85.6707,5180829,0.0001,0.03
TTO,14.5453,-56.4675,1531044,3.2674,0.03
TTO,15.5263,-56.18,1531044,4.0175,0.03
TTO,14.5213,-59.6273,1531044,1.1768,0.03
AUS,-13.6473,144.0824,26005540,0.4999,0.029982
PRI,28.77,-64.96,3221789,3.4802,0.029904
ESP,36.299,-6.3806,47778340,0.1924,0.029698
BHS,25.58,-75,409984,1.1217,0.029696
BHS,26.2,-78.08,409984,0.4209,0.029688
USA,42.95,-68.93,333287557,1.029,0.029688
USA,40.57,-69.93,333287557,0.673,0.029688
USA,16.88,-159.15,333287557,3.9145,0.029688
BRA,-26.7957,-29.097,215313498,6.2162,0.029624
MDG,-13.248167,48.158833,29611714,0.034,0.029616
GBR,60.517167,0.257667,66971395,1.0158,0.029608
GBR,57.839667,-3.453167,66971395,0.1225,0.029313
JPN,33.328333,136.008333,125124989,0.2357,0.029305
MAR,28.0045,-17.217833,37457971,0.0182,0.029301
AUS,-18.86238,118.6791,26005540,1.1802,0.029281
GBR,55.939,-4.6325,66971395,0.0077,0.029243
USA,42.54,-69.68,333287557,0.6229,0.029108
GBR,56.026833,-3.282,66971395,0.0176,0.029075
USA,19.8,-143.03,333287557,11.7877,0.029052
BRA,15.6301,-40.5468,215313498,15.2531,0.029
CHL,-54.4125,-71.2529,19603733,0.0056,0.029
DOM,25.8486,-67.5656,11228821,5.6174,0.029
ESH,19.0386,-22.7221,4000,2.1875,0.029
ESH,19.6888,-35.7082,4000,10.6776,0.029
USA,17.643,-151.3375,333287557,3.9347,0.029
USA,33.1155,-122.512,333287557,2.2588,0.029
GBR,56.52,-1.589167,66971395,0.7158,0.028995
BHS,25.95,-72.13,409984,2.9482,0.028804
BHS,29.25,-68.73,409984,4.8885,0.028804
AUS,-15.0181,145.3881,26005540,0.0731,0.028801
BHS,25.55,-76,409984,0.4016,0.028796
CAN,36.14,-63.92,38929902,3.8268,0.028796
COL,14.77,-71.25,51874024,2.3398,0.028796
COL,13.02,-71.22,51874024,0.6456,0.028796
DOM,19.91,-69.14,11228821,0.5542,0.028796
DOM,25.64,-68.25,11228821,5.0367,0.028796
DOM,28.51,-65.83,11228821,3.8624,0.028796
PRI,25.7,-59.81,3221789,7.9666,0.028796
PRI,16.67,-62.58,3221789,0.3506,0.028796
PRI,26.43,-58.01,3221789,8.9004,0.028796
TTO,14.43,-61.15,1531044,0.0866,0.028796
USA,36.37,-66.48,333287557,4.3682,0.028796
USA,34.65,-65.63,333287557,2.4543,0.028796
USA,27.82,-79.84,333287557,0.5306,0.028796
USA,39.93,-68.49,333287557,1.9806,0.028796
CHL,-31.1743,-94.3172,19603733,12.0968,0.028745
USA,24.6048,-146.387,333287557,9.8481,0.028743
IDN,7.0105,96.298,275501339,1.4681,0.028735
PRI,29.23,-59.21,3221789,6.2764,0.028724
AUS,-42.8448,148.4211,26005540,0.3142,0.028614
JPN,32.5,137.998333,125124989,1.7347,0.028565
PER,-27.00725,-98.58904,34049588,6.8919,0.02852
PER,-26.99475,-104.54404,34049588,1.0578,0.02852
ISL,70.679633,-13.738817,382003,4.3736,0.028456
PHL,8.761167,115.085,115559009,1.1604,0.028456
CAN,46.799167,-56.724667,38929902,0.3304,0.02839
JPN,32.665,133.99,125124989,0.6008,0.028356
GBR,56.481167,-6.682667,66971395,0.0677,0.028302
CAN,47.253,-70.285167,38929902,0.0258,0.028277
CAN,32.65,-57.2,38929902,7.453,0.028232
AUS,-13.6551,144.08783,26005540,0.5071,0.028222
BHS,25.58,-74.8,409984,1.2462,0.028076
BHS,26.18,-78.88,409984,0.3471,0.028076
BHS,30.43,-75.43,409984,4.1212,0.028076
BHS,26.74,-76.97,409984,0.2252,0.028076
BHS,24.55,-74.27,409984,0.4499,0.028076
BHS,24.9,-74.02,409984,0.8761,0.028076
CAN,39.31,-66.02,38929902,4.1306,0.028076
CAN,31.27,-57.37,38929902,7.36,0.028076
CUB,24.41,-85.03,11212191,1.9559,0.028076
CUB,23.06,-73.22,11212191,0.4471,0.028076
DOM,24.21,-69.41,11228821,3.2026,0.028076
DOM,26.67,-68.1,11228821,5.9848,0.028076
DOM,22.83,-69.17,11228821,2.3678,0.028076
DOM,19.33,-69.16,11228821,0.0234,0.028076
HND,16.2,-83.99,10432860,0.4941,0.028076
JAM,18.5,-75.95,2827377,0.5284,0.028076
PRI,26.98,-57.8,3221789,8.7088,0.028076
PRI,29.39,-58.55,3221789,6.7856,0.028076
PRI,25.23,-59.2,3221789,7.861,0.028076
PRI,29.67,-55.17,3221789,9.8542,0.028076
PRI,21.67,-60.02,3221789,4.3412,0.028076
PRI,23.48,-60.95,3221789,5.4711,0.028076
PRI,28.98,-58.43,3221789,7.0795,0.028076
PRI,25.9,-57.2,3221789,9.3966,0.028076
PRI,26.13,-56.53,3221789,9.9365,0.028076
TTO,13.85,-61.07,1531044,0.0011,0.028076
USA,30.5,-69.13,333287557,4.6018,0.028076
USA,31.98,-66.37,333287557,1.5145,0.028076
USA,31.92,-65.57,333287557,0.7716,0.028076
USA,39.91,-70.25,333287557,1.3405,0.028076
USA,31.96,-65.11,333287557,0.3785,0.028076
USA,39.1,-69.52,333287557,2.1927,0.028076
USA,37.75,-66.67,333287557,4.8081,0.028076
USA,27.92,-80.03,333287557,0.3971,0.028076
CAN,36.69,-60.33,38929902,6.109,0.028032
BRA,17.0557,-39.7102,215313498,14.3498,0.028
DOM,23.0016,-67.2478,11228821,4.1438,0.028
ESH,20.6833,-35.2167,4000,10.5024,0.028
ESH,21.0048,-31.766,4000,7.5219,0.028
TTO,14.4365,-58.6623,1531044,1.4432,0.028
USA,16.13,-162,333287557,5.9266,0.027992
USA,33.94,-64.48,333287557,1.5637,0.027956
JPN,34.961667,146.501389,125124989,5.673,0.0279
GBR,58.189333,-7.186333,66971395,0.0739,0.027897
NCL,-22.234167,167.431833,269220,0.3044,0.027882
AUS,-20.251417,148.932883,26005540,0.0199,0.02781
GBR,56.011,-3.4765,66971395,0.0099,0.027788
CUB,23.47,-74.68,11212191,0.2281,0.027776
CUB,23.25,-73.48,11212191,0.241,0.027776
DOM,26.35,-68.22,11228821,5.6485,0.027776
BHS,26.22,-78.42,409984,0.355,0.027768
PRI,26.48,-58.03,3221789,8.8523,0.027768
AUS,-41.8759,148.50267,26005540,0.1802,0.02771
JPN,31.508333,139,125124989,1.0432,0.02764
GBR,57.630167,-1.7055,66971395,0.1198,0.027538
BHS,29.04,-74.91,409984,3.3047,0.027492
BHS,27.79,-72.69,409984,4.0546,0.027488
NZL,-40.049,160.0994,5124100,8.517,0.027478
USA,11.09,-156.77,333287557,7.2874,0.027148
AUS,-15.02748,145.39067,26005540,0.0806,0.027107
USA,12.52,-156.96,333287557,6.5142,0.027024
JPN,29,130.498333,125124989,0.782,0.02701
MEX,1.2,-110.816,127504125,9.221,0.027
PAN,9.3385,-82.2399,4408581,0.0015,0.027
SEN,18.4875,-35.6742,17316449,10.4128,0.027
USA,33.1155,-122.512,333287557,2.2588,0.027
USA,31,-129,333287557,8.8629,0.027
RUS,72.49736,139.07373,144236933,0.1934,0.026998
CAN,43.61,-63.71,38929902,0.8343,0.026996
USA,42.15,-69.27,333287557,0.7252,0.026992
USA,42.48,-70.5,333287557,0.1824,0.026992
GBR,57.282333,-1.661333,66971395,0.2126,0.026947
AUS,-42.84152,148.42772,26005540,0.3174,0.026936
PRI,28.06,-59.48,3221789,6.7228,0.026816
PRI,26.74,-60.48,3221789,6.9938,0.026784
JPN,31,140.995,125124989,0.8442,0.026755
USA,42.45,-70.4,333287557,0.2699,0.026748
IDN,5.577167,133.246,275501339,1.0551,0.026745
IND,9.0765,78.3651,1417173173,0.007,0.0267
IND,8.493267,78.127822,1417173173,0.0011,0.0267
BRN,5.067,115.132833,449002,0.0355,0.026657
GBR,59.0235,-2.961,66971395,0.0204,0.026625
GBR,57.710667,-6.199167,66971395,0.0724,0.026583
USA,32.22,-64.12,333287557,0.5481,0.02658
GBR,56.218167,-2.598167,66971395,0.042,0.026536
CAN,41.18,-143.62,38929902,16.2551,0.026448
CAN,41.07,-137.24,38929902,12.5204,0.026448
LKA,5.9693,85.7022,22181000,3.9492,0.026425
AUS,-20.170933,148.8286,26005540,0.0607,0.026423
DOM,29.27,-65.24,11228821,3.0029,0.026396
PRI,25.64,-65.28,3221789,6.6221,0.026396
TTO,17.05,-58.53,1531044,2.5579,0.026396
USA,30.43,-67.68,333287557,3.3469,0.026396
USA,32.64,-117.33,333287557,0.0905,0.026396
CHL,-31.1743,-94.3172,19603733,12.0968,0.026391
PRI,26.0914,-61.7168,3221789,6.8954,0.026391
BHS,26.28,-74.82,409984,1.7318,0.02638
SEN,14.323917,-27.222767,17316449,2.5156,0.026372
BHS,28.95,-70.4,409984,6.2922,0.026268
DOM,24.13,-70.5,11228821,2.5734,0.026228
GBR,56.929167,-6.808833,66971395,0.2367,0.026126
JAM,18.58,-77.35,2827377,0.1149,0.026052
GBR,55.446167,-4.9365,66971395,0.142,0.026032
MAR,24.7292,-19.2968,37457971,3.191,0.026
PRI,16.8016,-62.2085,3221789,0.0004,0.026
USA,60.4848,-148.3438,333287557,0.0035,0.026
USA,38.8663,-76.4925,333287557,0.0143,0.026
USA,23.5838,-152.0133,333287557,4.8146,0.026
DOM,19.98,-70.37,11228821,0.2145,0.025944
BHS,25.18,-75.5,409984,0.5233,0.025916
BHS,24.33,-75.4,409984,0.0054,0.025916
BHS,27.15,-71.18,409984,4.4496,0.025916
BHS,26,-75.68,409984,0.9396,0.025916
BHS,26.18,-73.23,409984,2.3801,0.025916
BHS,29.12,-71.35,409984,5.8692,0.025916
BHS,25.95,-72.13,409984,2.9482,0.025916
BHS,27.69,-71.63,409984,4.5378,0.025916
BHS,28.59,-75.97,409984,2.2932,0.025916
CAN,33.4,-61.5,38929902,3.3124,0.025916
CAN,43.92,-62.1,38929902,0.9777,0.025916
CAN,39.62,-66.49,38929902,3.84,0.025916
CAN,33.52,-63.6,38929902,1.557,0.025916
CAN,39.39,-65.4,38929902,4.0386,0.025916
COL,13.35,-71.32,51874024,0.9267,0.025916
CUB,24.54,-83.26,11212191,1.1155,0.025916
CUB,18.95,-75.81,11212191,0.9444,0.025916
DOM,27.05,-67.32,11228821,5.7512,0.025916
DOM,23,-70.92,11228821,1.3825,0.025916
DOM,27.15,-68.9,11228821,5.9908,0.025916
DOM,27.16,-67.38,11228821,5.6783,0.025916
DOM,22.17,-69.17,11228821,2.0723,0.025916
HTI,20.39,-72.69,11584996,0.323,0.025916
HTI,20.53,-73.21,11584996,0.4198,0.025916
JAM,18.58,-75.93,2827377,0.5976,0.025916
NIC,15.97,-81.77,6948392,1.6726,0.025916
PRI,18.47,-64.45,3221789,0.0217,0.025916
PRI,26.98,-57.8,3221789,8.7088,0.025916
PRI,29.95,-64.12,3221789,2.4065,0.025916
PRI,29.42,-60.52,3221789,5.0687,0.025916
PRI,30.73,-61.47,3221789,3.5742,0.025916
PRI,27.15,-57.56,3221789,8.7974,0.025916
PRI,25.58,-56.28,3221789,9.615,0.025916
PRI,29.43,-63.68,3221789,3.0435,0.025916
PRI,28,-62.3,3221789,4.9374,0.025916
PRI,21.63,-60.02,3221789,4.3049,0.025916
PRI,27.38,-60.83,3221789,6.2723,0.025916
PRI,23.24,-57.67,3221789,6.9034,0.025916
TTO,14.44,-61.66,1531044,0.5495,0.025916
USA,31.72,-65.07,333287557,0.5687,0.025916
USA,40.25,-70.55,333287557,1.0293,0.025916
USA,31.09,-73.8,333287557,4.4384,0.025916
USA,36.08,-67.67,333287557,4.6939,0.025916
USA,37.37,-69.42,333287557,3.9127,0.025916
USA,39.75,-69.93,333287557,1.491,0.025916
USA,24.38,-81.75,333287557,0.1697,0.025916
USA,34.08,-69.98,333287557,5.4001,0.025916
USA,30.72,-74.02,333287557,4.6123,0.025916
USA,42.91,-70.47,333287557,0.2647,0.025916
USA,32.5,-67.08,333287557,2.2048,0.025916
ISL,65.55085,-26.644,382003,2.1045,0.025887
JPN,29,132.001667,125124989,1.722,0.025858
GBR,55.586833,-4.763833,66971395,0.0416,0.02579
AUS,-16.5692,145.7482,26005540,0.1809,0.025709
AUS,-41.8806,148.4923,26005540,0.1691,0.02562
PER,-27.01313,-107.57368,34049588,1.6489,0.02557
CHL,-27.02219,-89.56717,19603733,9.4889,0.025565
USA,31.88,-69.68,333287557,4.8109,0.025524
VEN,12.76,-63.67,28301696,1.262,0.025524
CAN,42.16,-64.31,38929902,1.7126,0.025408
USA,21.18,-157.79,333287557,0.0748,0.025408
GBR,56.011833,-3.466167,66971395,0.0123,0.025321
GBR,58.555333,-5.208,66971395,0.1121,0.025303
USA,10.33,-156.71,333287557,6.7084,0.0253
ZAF,-34.1065,23.215333,59893885,0.0117,0.025293
USA,42.47,-69.25,333287557,0.8959,0.02522
CAN,37.32,-63.44,38929902,5.0839,0.025196
CUB,24.12,-81.9,11212191,0.4311,0.025196
JAM,17.21,-77.51,2827377,0.5858,0.025196
PRI,18.33,-58.12,3221789,3.4882,0.025196
PRI,20.03,-64,3221789,1.3231,0.025196
CHL,-31.8065,-91.3445,19603733,10.7416,0.025173
PRI,24.7657,-62.7221,3221789,6.2048,0.025173
AUS,-19.79682,115.97247,26005540,1.0156,0.025056
PRI,30.4,-60.82,3221789,4.3032,0.025016
CAN,33.03,-58.53,38929902,6.1533,0.025012
ESH,22.4948,-29.7342,4000,6.9661,0.025
ESH,18.7815,-27.416,4000,2.6788,0.025
IDN,-3.9691,106.4407,275501339,0.498,0.025
TTO,15.4657,-54.9102,1531044,5.071,0.025
TTO,15.3929,-57.7041,1531044,2.7945,0.025
USA,59.1755,-152.0623,333287557,0.1343,0.025
USA,24.37,-147.78,333287557,8.5491,0.024968
NCL,-25.07178,168.71188,269220,2.6863,0.024934
GBR,55.884833,-2.0085,66971395,0.0637,0.024933
USA,31.3132,-158.7325,333287557,8.8681,0.024922
CAN,55.38,-134.24,38929902,0.4388,0.02492
NCL,-27.53873,165.18795,269220,3.0969,0.024852
MAR,22.341833,-23.561167,37457971,5.367,0.024821
CAN,34.03,-62.88,38929902,2.4261,0.024692
CAN,33.43,-62.73,38929902,2.192,0.024692
HTI,19.05,-74,11584996,0.4223,0.024692
BHS,27.46,-71.95,409984,4.1599,0.024684
PRI,18.77,-60.59,3221789,1.6019,0.024684
USA,41.1,-71.06,333287557,0.2764,0.024684
USA,32.05,-67.19,333287557,2.3157,0.02468
FJI,-20.9965,-149.076333,929766,2.3959,0.024675
BRA,-26.4261,-41.0363,215313498,3.5803,0.02467
ARG,-47.382,-64.685,46234830,1.0288,0.024559
GBR,57.217667,-1.869167,66971395,0.1487,0.024548
GBR,56.122667,-4.826,66971395,0.0011,0.02448
MOZ,-25.076833,36.4945,32969518,1.3739,0.024395
USA,32.76,-150.21,333287557,13.2692,0.02438
DNK,56.376517,10.94445,5903037,0.021,0.024366
JPN,34,137.005,125124989,0.2863,0.024355
MAR,27.302,-13.935333,37457971,0.5473,0.02433
USA,32.08,-65.2,333287557,0.3693,0.024308
CAN,43.49,-59.55,38929902,0.5183,0.0243
DOM,22,-71.25,11228821,0.3583,0.0243
DOM,23.79,-70.92,11228821,2.0907,0.0243
HTI,18.47,-75.09,11584996,0.0797,0.0243
PRI,28.81,-57.72,3221789,7.7871,0.0243
USA,40.75,-70.59,333287557,0.5412,0.0243
USA,15.25,-157.55,333287557,4.109,0.0243
IDN,6.453833,89.322,275501339,4.1602,0.024292
USA,35.27,-64.68,333287557,2.8813,0.024292
USA,28.73,-80.1,333287557,0.4983,0.024292
JPN,21.5837,155.3391,125124989,3.0205,0.024289
CAN,33.22,-62.5,38929902,2.3104,0.024192
AUS,-33.8782,152.0069,26005540,0.6791,0.024185
PRI,25.48,-56.1,3221789,9.6383,0.024128
USA,38.82,-69.28,333287557,2.5244,0.024108
USA,21.6499,-160.5483,333287557,0.3439,0.024105
NAM,-34.50517,3.56752,2567012,13.7509,0.024087
LKA,6.151333,86.878,22181000,5.0617,0.024011
GBR,55.394833,-5.035333,66971395,0.0741,0.024001
BHS,25.28,-72.16,409984,2.5614,0.024
CAN,44.21,-64.1,38929902,0.1637,0.024
CRI,1.383,-94.483,5180829,2.4867,0.024
DOM,24.6,-70.28,11228821,3.0921,0.024
IDN,-12.0917,96.8833,275501339,0.065,0.024
MAR,25.4348,-19.1083,37457971,2.4688,0.024
MAR,23.2987,-27.369,37457971,6.5073,0.024
MAR,24.9933,-26.2117,37457971,7.8752,0.024
MEX,4.116,-110.05,127504125,6.2214,0.024
PHL,9.9233,116.3,115559009,0.9303,0.024
TTO,14.4934,-59.5731,1531044,1.1495,0.024
USA,23.2731,-150.0637,333287557,6.0583,0.024
AUS,-31.0353,153.3628,26005540,0.2946,0.023892
PRT,36.905,-8.042333,10409704,0.1048,0.023841
JPN,33.498333,138.008333,125124989,1.1178,0.023827
BHS,24.28,-75.02,409984,0.2972,0.02376
BHS,28.42,-70.18,409984,6.0506,0.02376
BHS,28.9,-69.57,409984,5.7711,0.02376
BHS,24.75,-74.28,409984,0.6336,0.02376
BHS,28.97,-70.32,409984,6.3593,0.02376
BHS,29.89,-75.07,409984,3.8742,0.02376
BHS,30.25,-73.59,409984,5.0868,0.02376
BHS,28.17,-70.99,409984,5.3159,0.02376
BHS,29.06,-69.47,409984,5.5971,0.02376
BHS,26.32,-74.83,409984,1.7511,0.02376
BHS,25.55,-74.22,409984,1.4272,0.02376
BHS,27.1,-72.17,409984,3.7403,0.02376
BHS,26,-75,409984,1.4144,0.02376
BHS,27.45,-73.4,409984,3.4733,0.02376
CAN,35.88,-58.03,38929902,7.4917,0.02376
CAN,33,-61.62,38929902,3.0928,0.02376
CAN,33.07,-60.87,38929902,3.8423,0.02376
CAN,42.69,-63.51,38929902,1.741,0.02376
CAN,35.47,-63.87,38929902,3.185,0.02376
CAN,44.05,-61.03,38929902,0.9043,0.02376
CUB,22.57,-74.52,11212191,0.1374,0.02376
CUB,24.21,-82.18,11212191,0.3447,0.02376
CUB,23.64,-73.6,11212191,0.5443,0.02376
CUB,23.88,-82.09,11212191,0.672,0.02376
DOM,16.58,-70.03,11228821,1.6564,0.02376
DOM,26.56,-68.43,11228821,5.7167,0.02376
DOM,26.85,-68.22,11228821,6.0741,0.02376
HND,17.66,-86,10432860,1.1524,0.02376
JAM,17.52,-76.1,2827377,0.3997,0.02376
MEX,31.54,-117.18,127504125,0.4792,0.02376
PRI,27.92,-60.18,3221789,6.2977,0.02376
PRI,27.58,-62.35,3221789,5.2814,0.02376
PRI,28.59,-61.45,3221789,4.9414,0.02376
PRI,28.76,-57.07,3221789,8.3925,0.02376
PRI,21.4,-60.73,3221789,3.8072,0.02376
PRI,25.08,-58.22,3221789,8.1942,0.02376
PRI,28.18,-59.32,3221789,6.7722,0.02376
PRI,16.97,-61.91,3221789,0.0619,0.02376
PRI,26.16,-56.54,3221789,9.9567,0.02376
PRI,27.3,-59.07,3221789,7.5304,0.02376
USA,37.62,-67.37,333287557,4.463,0.02376
USA,25.93,-79.7,333287557,0.4197,0.02376
USA,33.45,-65.66,333287557,1.3852,0.02376
USA,24.63,-80.39,333287557,0.3717,0.02376
USA,31.67,-73.67,333287557,4.0259,0.02376
USA,33.54,-65.63,333287557,1.4446,0.02376
USA,35.82,-65.81,333287557,3.6138,0.02376
USA,41.36,-71.05,333287557,0.115,0.02376
USA,31.57,-70.74,333287557,5.8972,0.02376
USA,42.23,-70.07,333287557,0.1634,0.02376
USA,42.58,-69.43,333287557,0.823,0.02376
USA,31.93,-68.51,333287557,3.6411,0.02376
VEN,10.42,-64.62,28301696,0.1628,0.02376
VEN,12.95,-62.83,28301696,1.3507,0.02376
USA,31.43,-67.13,333287557,2.3996,0.023684
GBR,57.190333,-6.803833,66971395,0.2048,0.023641
GBR,60.387167,-1.923,66971395,0.2542,0.023639
PER,-25.5538,-122.2008,34049588,2.7238,0.023585
BHS,27.95,-70.72,409984,5.3367,0.023564
BHS,25.58,-75.82,409984,0.5326,0.023564
PRI,24.36,-60.04,3221789,6.6802,0.02356
USA,32.38,-64.38,333287557,0.2679,0.02356
USA,31.05,-70.44,333287557,5.6891,0.02356
CAN,39.38,-64.64,38929902,4.1613,0.023528
JPN,32.8112,156.4986,125124989,8.8684,0.023471
CAN,37.48,-65.22,38929902,5.1203,0.023404
USA,35.85,-65.03,333287557,3.4794,0.023404
USA,32.83,-64.85,333287557,0.4744,0.0234
GBR,58.447667,-6.080167,66971395,0.0911,0.023392
HTI,16.58,-72.8,11584996,1.5638,0.023388
IND,9.0765,78.3651,1417173173,0.007,0.0233
IND,9.0765,78.3651,1417173173,0.007,0.0233
GBR,66.418333,-2.136667,66971395,5.7129,0.023286
CAN,35.5,-64.65,38929902,3.1115,0.02328
AUS,-13.74612,127.598,26005540,0.2657,0.023272
PRI,28.43,-60.28,3221789,5.8751,0.023256
GBR,55.991833,-2.397333,66971395,0.0195,0.023244
PRI,29.76,-61.95,3221789,3.7458,0.023204
AUS,-19.1174,117.6814,26005540,1.3247,0.023184
BHS,28.67,-71.95,409984,5.1769,0.02312
BRA,-28.463333,-48.61,215313498,0.1393,0.023074
AUS,-16.5766,145.74342,26005540,0.1721,0.023068
PAN,9.2879,-82.3912,4408581,0.004,0.023
TTO,14.3023,-58.7245,1531044,1.3011,0.023
USA,38.9387,-76.5281,333287557,0.0057,0.023
USA,34.95,-141,333287557,17.4638,0.023
AUS,-31.03155,153.37642,26005540,0.3063,0.022993
AUS,-13.6168,144.0593,26005540,0.4706,0.022899
GBR,58.218667,0.814833,66971395,2.6487,0.022834
GBR,57.730167,-3.526833,66971395,0.0371,0.022789
AUS,-21.83473,113.92607,26005540,0.0845,0.02273
LKA,5.6347,83.1362,22181000,1.6716,0.022719
BRA,-17.887,-25.086,215313498,4.611,0.02271
PER,-24.9669,-123.9391,34049588,0.8891,0.02271
GBR,58.515167,0.444667,66971395,2.1745,0.022677
AUS,-41.1421,152.2508,26005540,3.8334,0.022627
CAN,42.05,-67.63,38929902,2.2026,0.022624
PRI,30.27,-63.8,3221789,2.2264,0.022624
USA,9.55,-155.93,333287557,6.5716,0.022564
IDN,6.6995,94.1268,275501339,0.2488,0.022558
ESP,44.252667,-11.822833,47778340,2.8112,0.022518
BHS,26.12,-72.54,409984,2.7558,0.0225
RUS,74.863833,84.502333,144236933,0.3749,0.022498
USA,34.37,-64.63,333287557,1.9819,0.022464
GBR,58.537167,-3.024333,66971395,0.0541,0.022388
CAN,32.8,-58.43,38929902,6.2326,0.022252
AUS,-39.0405,142.4134,26005540,0.6071,0.022208
BRA,20.01,-38.22,215313498,13.1947,0.022
ESH,19.939,-22.1357,4000,3.1776,0.022
MAR,25.106,-19.5708,37457971,2.9667,0.022
MAR,22.4862,-26.2168,37457971,5.4057,0.022
MEX,3.017,-117.033,127504125,10.6695,0.022
SEN,17.4591,-23.9598,17316449,0.8467,0.022
USA,30.5659,-70.6258,333287557,5.9909,0.022
USA,32.4061,-119.938,333287557,0.9144,0.022
USA,32.3457,-123.3533,333287557,3.36,0.022
GBR,56.5545,-6.550167,66971395,0.046,0.021947
ITA,44.283333,9.01,58940425,0.1019,0.0219
JPN,31.5,136.003333,125124989,1.9486,0.021896
AUS,-19.11567,117.68887,26005540,1.3237,0.021821
AUS,-42.29233,148.96027,26005540,0.6025,0.021715
NLD,51.807883,3.639867,17700982,0.0966,0.021685
GBR,58.7,-2.535667,66971395,0.2879,0.021638
USA,53.545,-145.986333,333287557,5.8769,0.021625
CUB,23.85,-80.8,11212191,0.5953,0.02162
HTI,18.35,-75.3,11584996,0.2766,0.02162
JAM,18.92,-75.96,2827377,0.8583,0.02162
USA,40.25,-70.15,333287557,0.9932,0.02162
BHS,28.17,-78.93,409984,1.4004,0.021608
BHS,26.76,-74.1,409984,2.5918,0.021604
BHS,26.28,-78.62,409984,0.2207,0.0216
BHS,25.18,-75.5,409984,0.5233,0.0216
BHS,26.14,-78.48,409984,0.3986,0.0216
BHS,24.77,-75.62,409984,0.11,0.0216
BHS,25.15,-74.7,409984,1.0332,0.0216
BHS,25.48,-73.35,409984,1.7379,0.0216
BHS,25.2,-71.97,409984,2.6986,0.0216
BHS,25.07,-72.4,409984,2.2535,0.0216
BHS,27.46,-71.95,409984,4.1599,0.0216
BHS,26.68,-74.12,409984,2.5265,0.0216
BHS,25.55,-74.22,409984,1.4272,0.0216
BHS,25.55,-75.68,409984,0.6043,0.0216
BHS,26.43,-72.88,409984,2.7801,0.0216
BHS,25.62,-75.42,409984,0.8508,0.0216
BHS,24.43,-75.88,409984,0.2528,0.0216
BHS,24.25,-74.48,409984,0.1071,0.0216
BHS,27.47,-70.42,409984,5.2333,0.0216
BHS,26.13,-73.02,409984,2.4542,0.0216
BHS,25.63,-76.98,409984,0.1576,0.0216
CAN,35.95,-63.82,38929902,3.6628,0.0216
CAN,43.13,-65.17,38929902,0.4399,0.0216
CAN,31.22,-59.48,38929902,5.2937,0.0216
CAN,43.14,-60.68,38929902,0.9807,0.0216
CAN,37.45,-57.42,38929902,6.9157,0.0216
CAN,43.15,-61.32,38929902,1.4396,0.0216
CAN,36.52,-63.6,38929902,4.2692,0.0216
CAN,38.36,-64.68,38929902,5.1502,0.0216
CAN,37.21,-62.55,38929902,5.2693,0.0216
CAN,37.05,-63.73,38929902,4.7564,0.0216
CAN,31.38,-57.07,38929902,7.6418,0.0216
CUB,23.88,-82.65,11212191,0.7718,0.0216
CUB,21.39,-81.96,11212191,0.2151,0.0216
CUB,23.75,-73.16,11212191,0.8262,0.0216
DOM,29.85,-65.32,11228821,2.4424,0.0216
DOM,25.98,-70.23,11228821,4.368,0.0216
DOM,26.3,-70.47,11228821,4.5249,0.0216
DOM,23.17,-69.92,11228821,2.0561,0.0216
DOM,25.96,-68.42,11228821,5.2114,0.0216
HND,16.58,-83.22,10432860,1.0817,0.0216
HND,16.18,-85.55,10432860,0.2523,0.0216
JAM,17.5,-79.28,2827377,1.1778,0.0216
JAM,18.47,-76.03,2827377,0.4491,0.0216
JAM,18.27,-76.27,2827377,0.1399,0.0216
JAM,18.95,-80.47,2827377,0.714,0.0216
MEX,16.33,-99.24,127504125,0.2959,0.0216
PRI,20.63,-58,3221789,4.7816,0.0216
PRI,19.98,-58.1,3221789,4.3238,0.0216
PRI,19.29,-59.61,3221789,2.6882,0.0216
PRI,17.67,-64.99,3221789,0.0957,0.0216
PRI,29.23,-59.18,3221789,6.3025,0.0216
PRI,24.66,-56.96,3221789,8.4715,0.0216
PRI,23.37,-60.6,3221789,5.543,0.0216
PRI,29.4,-59.07,3221789,6.3171,0.0216
PRI,26.97,-58.23,3221789,8.3809,0.0216
PRI,25.08,-58.22,3221789,8.1942,0.0216
PRI,23.4,-57.98,3221789,6.856,0.0216
PRI,23.46,-58.83,3221789,6.4735,0.0216
PRI,30.05,-63.57,3221789,2.5277,0.0216
PRI,27.03,-57.63,3221789,8.813,0.0216
PRI,20.27,-59.4,3221789,3.506,0.0216
PRI,19.31,-59.94,3221789,2.4462,0.0216
TTO,12.9,-61.55,1531044,0.2756,0.0216
TTO,16.67,-58.75,1531044,2.2625,0.0216
TTO,15.49,-58.88,1531044,2.1225,0.0216
TTO,16.11,-60.69,1531044,0.3813,0.0216
USA,30.97,-69.62,333287557,4.9126,0.0216
USA,31.28,-67.12,333287557,2.4471,0.0216
USA,39.92,-70.28,333287557,1.3343,0.0216
USA,31.14,-66.16,333287557,1.7021,0.0216
USA,38.9,-69.97,333287557,2.3395,0.0216
USA,40.23,-69.71,333287557,1.0504,0.0216
USA,39.35,-68.48,333287557,2.4124,0.0216
USA,25.8,-79.73,333287557,0.3968,0.0216
USA,38.93,-69.57,333287557,2.3492,0.0216
USA,24.98,-83.5,333287557,1.4085,0.0216
USA,25.6,-79.65,333287557,0.3606,0.0216
USA,32.84,-64.69,333287557,0.4516,0.0216
USA,31.04,-72.7,333287557,5.0652,0.0216
USA,36.78,-68.72,333287557,4.6396,0.0216
USA,32.13,-65.02,333287557,0.1923,0.0216
USA,41.47,-70.09,333287557,0.0825,0.0216
USA,41.32,-68.63,333287557,1.3285,0.0216
USA,12.95,-156.94,333287557,6.089,0.0216
USA,12.95,-156.94,333287557,6.089,0.0216
USA,12.95,-156.94,333287557,6.089,0.0216
USA,12.95,-156.94,333287557,6.089,0.0216
USA,12.95,-156.94,333287557,6.089,0.0216
USA,12.95,-156.94,333287557,6.089,0.0216
USA,12.95,-156.94,333287557,6.089,0.0216
USA,12.95,-156.94,333287557,6.089,0.0216
USA,12.95,-156.94,333287557,6.089,0.0216
USA,12.95,-156.94,333287557,6.089,0.0216
USA,12.95,-156.94,333287557,6.089,0.0216
USA,12.95,-156.94,333287557,6.089,0.0216
USA,12.95,-156.94,333287557,6.089,0.0216
USA,12.95,-156.94,333287557,6.089,0.0216
USA,12.95,-156.94,333287557,6.089,0.0216
USA,12.95,-156.94,333287557,6.089,0.0216
USA,12.95,-156.94,333287557,6.089,0.0216
VEN,11.92,-68.37,28301696,0.1544,0.0216
VEN,12.37,-67.26,28301696,0.5209,0.0216
VEN,13.08,-67.85,28301696,0.9254,0.0216
VEN,14.06,-63.67,28301696,1.6344,0.0216
BHS,25.6,-77.67,409984,0.1839,0.021596
DOM,22.41,-69.71,11228821,1.6861,0.021592
USA,36.17,-65.3,333287557,3.8325,0.021592
USA,32.32,-64.47,333287557,0.1841,0.021584
GBR,55.699667,-4.916,66971395,0.004,0.021564
GBR,55.7505,-4.8955,66971395,0.023,0.021562
AUS,-13.62448,144.06552,26005540,0.4782,0.021554
CUB,23.24,-73.25,11212191,0.4401,0.021528
GBR,58.967167,-3.523167,66971395,0.1213,0.021416
USA,19.09,-156.24,333287557,0.3237,0.021372
SEN,17.798667,-23.664,17316449,1.1904,0.021318
USA,49.773333,-144.5225,333287557,9.8081,0.021286
IDN,-1.203,135.567833,275501339,0.2767,0.021206
MAR,27.235167,-18.901167,37457971,0.8866,0.021124
GBR,57.859333,-3.028333,66971395,0.1835,0.021019
BRA,15.5949,-42.7412,215313498,14.1787,0.021
ESH,20.9097,-35.0307,4000,10.4094,0.021
GRL,63.6813,-51.6392,56661,0.0868,0.021
MAR,27.3182,-16.0608,37457971,0.5814,0.021
MAR,24.5833,-21.65,37457971,4.6937,0.021
PHL,7.33,134.4657,115559009,0.0091,0.021
PHL,14.228,118.822,115559009,1.314,0.021
PRI,30.4502,-64.2169,3221789,1.9007,0.021
SEN,15.85,-35.6,17316449,10.3103,0.021
SUR,15.045,-51.3683,618040,8.276,0.021
TTO,14.0116,-59.7146,1531044,0.6748,0.021
USA,37.9134,-122.4545,333287557,0.0179,0.021
USA,57.9106,-133.5051,333287557,0.0004,0.021
ITA,42.696733,10.32925,58940425,0.0488,0.020988
PRT,37.046833,-8.715333,10409704,0.0361,0.020972
USA,18.9173,-155.7009,333287557,0.0175,0.020904
GBR,55.224167,-5.5325,66971395,0.1064,0.020866
NCL,-21.7469,170.6615,269220,1.7019,0.02084
GBR,57.750833,-2.670333,66971395,0.0546,0.020838
GBR,57.956333,-2.413833,66971395,0.2791,0.020834
USA,5.79,-147.72,333287557,10.2845,0.020772
DOM,15.35,-72.53,11228821,2.4149,0.020736
PRI,23.84,-59.53,3221789,6.5066,0.02066
JPN,30.503333,133,125124989,1.8753,0.020502
MEX,5.355,-130.105,127504125,16.9775,0.02046
GBR,55.868667,-4.944667,66971395,0.0253,0.020444
SLB,-9.353333,159.923667,724273,0.0464,0.020419
GBR,58.470333,-6.5,66971395,0.0649,0.02038
USA,52.548917,-146.027833,333287557,6.8692,0.020367
GBR,58.703,-3.225667,66971395,0.043,0.020357
PRT,35.808833,-12.477333,10409704,3.6847,0.020357
AUS,-41.91947,144.5396,26005540,0.4379,0.020258
GBR,57.934,-5.8315,66971395,0.0833,0.020225
GRL,69.069167,-51.9785,56661,0.3913,0.020223
DEU,54.20555,13.481283,83797985,0.0643,0.020206
USA,25.94,-146.58,333287557,10.4454,0.020184
GBR,55.302333,-5.1015,66971395,0.1384,0.020179
USA,32.08,-75.2,333287557,2.8401,0.02016
AUS,-39.0374,142.4005,26005540,0.6114,0.020073
AUS,-18.98802,118.19215,26005540,1.3182,0.020046
ARG,-40.7843,-56.8301,46234830,2.6925,0.02
ARG,-54.7801,-64.4084,46234830,0.0146,0.02
ARG,-58.4283,-64.164,46234830,3.5545,0.02
CAN,39.083,-145,38929902,18.7337,0.02
HTI,19.1,-74.37,11584996,0.4424,0.02
JAM,17.93189,-76.83481,2827377,0.0053,0.02
MAR,28.3556,-13.8777,37457971,0.0047,0.02
SEN,18.5299,-24.8596,17316449,1.3553,0.02
SEN,16.9637,-32.6548,17316449,7.295,0.02
SEN,16.731,-34.8859,17316449,9.531,0.02
SEN,17.5983,-36.6333,17316449,11.286,0.02
SEN,16.6933,-28.2283,17316449,2.8906,0.02
TTO,14.1103,-59.2806,1531044,0.8347,0.02
TTO,15.7363,-54.4143,1531044,5.6357,0.02
TTO,14.6989,-57.3508,1531044,2.584,0.02
USA,31.23,-65.32,333287557,1.1176,0.02
USA,31.68,-64.67,333287557,0.5913,0.02
USA,31.697,-129.0366,333287557,8.4949,0.02
USA,27,-135,333287557,16.0683,0.02
GRL,75.432833,-60.063833,56661,0.4566,0.019968
GBR,57.146333,-6.751,66971395,0.1728,0.019963
BHS,24.63,-75.42,409984,0.1861,0.019936
DOM,24.59,-71.65,11228821,2.4968,0.019932
ESP,39.629333,2.124517,47778340,0.2295,0.019915
CHL,-51.826667,-72.575,19603733,0.0295,0.019886
PRI,15.45,-62.03,3221789,0.5478,0.019864
GBR,56.033,-3.239833,66971395,0.0232,0.019803
BHS,27.57,-74.38,409984,2.87,0.0198
CHL,-32.2052,-89.4267,19603733,8.7835,0.019781
PER,-26.6027,-113.8575,34049588,4.4425,0.019781
JPN,30.998333,140.496667,125124989,0.538,0.019717
BHS,28.95,-72.17,409984,5.3253,0.019636
HND,16.68,-82.41,10432860,1.6708,0.019636
USA,39.11,-69.36,333287557,2.2237,0.019636
USA,40.99,-70.85,333287557,0.261,0.019632
AUS,-41.8728,148.5091,26005540,0.1872,0.019631
CAN,43.92,-64.42,38929902,0.2132,0.019628
VEN,10.65,-65.52,28301696,0.2875,0.019628
AUS,-27.503333,153.312667,26005540,0.0372,0.019493
PER,-26.47907,-105.36909,34049588,0.0916,0.01948
GBR,57.9455,-5.896667,66971395,0.1333,0.019469
BHS,29.83,-70.88,409984,6.4751,0.01944
BHS,25.93,-76.72,409984,0.3662,0.01944
BHS,26.85,-71.67,409984,3.8873,0.01944
BHS,25.38,-77.55,409984,0.292,0.01944
BHS,25.65,-76.42,409984,0.271,0.01944
BHS,25.77,-76.32,409984,0.4143,0.01944
BHS,24.03,-74.77,409984,0.223,0.01944
BHS,28.25,-78.56,409984,1.4399,0.01944
BHS,29.65,-69.72,409984,5.5011,0.01944
BHS,27.41,-74.76,409984,2.4578,0.01944
BHS,24.55,-74.27,409984,0.4499,0.01944
BHS,29.7,-76.98,409984,2.8494,0.01944
BHS,25.82,-76.8,409984,0.2641,0.01944
BHS,26.49,-73.53,409984,2.5254,0.01944
BHS,26.95,-79.41,409984,0.4813,0.01944
BHS,30.27,-76.76,409984,3.455,0.01944
CAN,41.33,-66.85,38929902,2.4224,0.01944
CAN,34.3,-61.27,38929902,3.891,0.01944
CAN,39.1,-64.55,38929902,4.4547,0.01944
CAN,42.33,-66.1,38929902,1.1894,0.01944
CAN,44.05,-64.37,38929902,0.1569,0.01944
CAN,41.5,-63.55,38929902,2.6622,0.01944
CAN,34.2,-64.03,38929902,1.9231,0.01944
CUB,24.27,-72.9,11212191,1.4011,0.01944
CUB,24.08,-80.12,11212191,0.7292,0.01944
DOM,26.56,-68.43,11228821,5.7167,0.01944
DOM,26.85,-68.22,11228821,6.0741,0.01944
DOM,23.23,-67.72,11228821,3.8248,0.01944
DOM,19.88,-69.96,11228821,0.1999,0.01944
HTI,18.58,-74.7,11584996,0.2541,0.01944
PRI,24.8,-57.9,3221789,8.0947,0.01944
PRI,21.37,-58.67,3221789,4.8146,0.01944
PRI,19.88,-59.07,3221789,3.4778,0.01944
PRI,23.75,-60.42,3221789,5.9618,0.01944
PRI,21.34,-65.65,3221789,2.8769,0.01944
PRI,16.09,-62.17,3221789,0.4013,0.01944
PRI,24.04,-59.76,3221789,6.5586,0.01944
PRI,23.3,-59.81,3221789,5.9,0.01944
PRI,17.01,-61.96,3221789,0.0741,0.01944
PRI,28.63,-59.3,3221789,6.5212,0.01944
USA,37.47,-66.97,333287557,4.8236,0.01944
USA,36.38,-65.52,333287557,4.0796,0.01944
USA,31.89,-71.22,333287557,5.4576,0.01944
USA,33.87,-64.62,333287557,1.4824,0.01944
USA,40.21,-68.1,333287557,2.137,0.01944
USA,31,-66.49,333287557,2.046,0.01944
USA,31.57,-65.83,333287557,1.1758,0.01944
USA,39.1,-69.52,333287557,2.1927,0.01944
USA,41.3,-70.93,333287557,0.0959,0.01944
USA,37.58,-68.63,333287557,3.9055,0.01944
USA,25.57,-82.8,333287557,1.0893,0.01944
USA,33.52,-65.18,333287557,1.2385,0.01944
USA,35.85,-65.03,333287557,3.4794,0.01944
USA,31.56,-72.78,333287557,4.5944,0.01944
USA,32.22,-64.12,333287557,0.5481,0.01944
USA,30.53,-65.88,333287557,1.9981,0.01944
USA,32.13,-71.42,333287557,5.1528,0.01944
USA,13.98,-158.97,333287557,5.9205,0.01944
USA,22.99,-148.78,333287557,6.9667,0.01944
USA,22.76,-141.69,333287557,13.5213,0.01944
USA,19.24,-156.55,333287557,0.6382,0.01944
AUS,-42.82452,148.45405,26005540,0.3292,0.019425
USA,2.19,-135.73,333287557,11.2743,0.019392
LKA,5.9712,85.7137,22181000,3.9598,0.019375
PRI,21.0185,-62.855833,3221789,2.4842,0.01931
GBR,54.711333,-4.135667,66971395,0.063,0.019285
AGO,-13.12091,-1.84834,35588987,4.7238,0.019269
LBR,-1.2195,-8.882333,5302681,5.7023,0.019253
HND,17.03,-83.95,10432860,0.3799,0.019208
PRI,17.41,-63.33,3221789,0.2243,0.019208
CAN,40.3,-63.81,38929902,3.5776,0.0192
USA,43.05,-70.01,333287557,0.5047,0.0192
CAN,33.43,-62.73,38929902,2.192,0.019196
PRI,21.82,-58.78,3221789,5.102,0.019196
PRT,39.530167,-9.652,10409704,0.288,0.019178
CHL,-31.8065,-91.3445,19603733,10.7416,0.019163
GBR,57.154333,-1.892667,66971395,0.1606,0.019134
GBR,56.437167,-2.469833,66971395,0.1557,0.019126
IDN,-10.985583,124.4871,275501339,0.822,0.019086
AUS,-42.8371,148.4349,26005540,0.3205,0.019063
CHL,-27.05758,-76.01975,19603733,3.9335,0.019015
CHL,-27.00049,-77.52962,19603733,2.447,0.019015
CHL,-27.01098,-83.49613,19603733,3.4674,0.019015
BHS,26.6839,-77.173,409984,0.0777,0.019
CRI,4.083,-87,5180829,1.4364,0.019
GTM,4.833,-93.65,17357886,3.5697,0.019
MAR,26.3433,-20.9633,37457971,3.1238,0.019
MAR,25.6112,-18.863,37457971,2.2091,0.019
PRI,18.3464,-64.791,3221789,0.0019,0.019
SEN,17.3595,-36.0518,17316449,10.6957,0.019
TTO,14.4436,-58.4658,1531044,1.5822,0.019
TTO,12.8247,-60.3716,1531044,0.7938,0.019
USA,30.187,-85.7308,333287557,0.0127,0.019
USA,32.3905,-125.8473,333287557,5.559,0.019
USA,47.1722,-122.603,333287557,0.0039,0.019
USA,36.9824,-122.9856,333287557,0.6186,0.019
BRA,15.567333,-39.537667,215313498,14.2551,0.018988
USA,38.894333,-74.564167,333287557,0.2421,0.018918
CUB,24.25,-81.93,11212191,0.3145,0.0189
CAN,35.73,-59.45,38929902,6.1901,0.018892
CAN,31.91,-62.25,38929902,2.441,0.018892
CUB,24.3,-72.7,11212191,1.543,0.018892
CUB,19.31,-74.63,11212191,0.7049,0.018892
JAM,17.17,-80.02,2827377,1.9708,0.018892
PRI,19.11,-57.61,3221789,4.3654,0.018892
CHL,-31.978,-90.4108,19603733,9.7923,0.01888
PRI,24.3576,-62.8129,3221789,5.7892,0.01888
BRA,-16.2435,-22.5333,215313498,7.6459,0.018868
PER,-24.5847,-125.7344,34049588,0.9409,0.018868
IDN,4.252333,132.128,275501339,1.044,0.018793
USA,-13.28,-140.21,333287557,1.3258,0.018756
USA,13.69,-156.87,333287557,5.3513,0.018584
USA,13.69,-156.87,333287557,5.3513,0.018584
USA,13.69,-156.87,333287557,5.3513,0.018584
USA,13.69,-156.87,333287557,5.3513,0.018584
USA,13.69,-156.87,333287557,5.3513,0.018584
USA,13.69,-156.87,333287557,5.3513,0.018584
USA,13.69,-156.87,333287557,5.3513,0.018584
USA,13.69,-156.87,333287557,5.3513,0.018584
USA,13.69,-156.87,333287557,5.3513,0.018584
USA,13.69,-156.87,333287557,5.3513,0.018584
USA,13.69,-156.87,333287557,5.3513,0.018584
USA,13.69,-156.87,333287557,5.3513,0.018584
USA,13.69,-156.87,333287557,5.3513,0.018584
USA,13.69,-156.87,333287557,5.3513,0.018584
USA,13.69,-156.87,333287557,5.3513,0.018584
USA,13.69,-156.87,333287557,5.3513,0.018584
USA,13.69,-156.87,333287557,5.3513,0.018584
CHL,-32.7309,-86.3835,19603733,5.6953,0.018582
USA,20.27,-156.47,333287557,0.2544,0.01854
BHS,29.66,-72.98,409984,5.1418,0.018512
CAN,40.5,-64.07,38929902,3.2859,0.018512
DOM,26.02,-68.83,11228821,5.0468,0.018512
DOM,20.45,-70.12,11228821,0.7441,0.018512
DOM,15.47,-71.2,11228821,2.1008,0.018512
PRI,26.42,-57.99,3221789,8.922,0.018512
USA,24.4147,-146.6687,333287557,9.5087,0.018409
PRI,22.54,-57.89,3221789,6.2141,0.018392
PNG,-7.915167,155.651833,10142619,0.5327,0.018375
USA,29.37,-139.91,333287557,17.8701,0.01836
GBR,54.606333,-4.429,66971395,0.0793,0.018357
AUS,-12.27782,141.6255,26005540,0.074,0.018353
JPN,34.495,140.968333,125124989,0.9018,0.018345
FJI,-16.018667,-169.995,929766,1.8085,0.018261
USA,32.76,-150.21,333287557,13.2692,0.018184
CHL,-50.881667,-74.156667,19603733,0.007,0.018151
CAN,38.15,-64.77,38929902,5.3416,0.018148
USA,10.56,-157.79,333287557,6.1684,0.01814
CAN,31.94,-57.7,38929902,6.9608,0.018116
GRC,34.5793,22.0629,10426919,1.6214,0.018085
MDG,-13.093333,48.423667,29611714,0.1501,0.018049
USA,18.9533,-155.7185,333287557,0.0027,0.018042
PER,-25.2705,-123.2543,34049588,1.6369,0.018036
JPN,40.000278,146.4975,125124989,3.3128,0.018033
FJI,-17.5565,-147.6495,929766,1.5196,0.018032
ARG,-54.7376,-63.8629,46234830,0.0064,0.018
BHS,26.58,-75.04,409984,1.8006,0.018
BHS,25.94,-76.49,409984,0.4256,0.018
BHS,27.53,-76,409984,1.4568,0.018
BRA,-31.696,-48.56,215313498,2.1462,0.018
ECU,2.383,-85.9,18001000,3.3517,0.018
ESH,20.7267,-28.3517,4000,4.7224,0.018
JPN,40.32,149.59,125124989,4.3917,0.018
MAR,26.3517,-18.7,37457971,1.4653,0.018
PRI,16.305,-61.7983,3221789,0.0028,0.018
TTO,15.83,-60.37,1531044,0.8063,0.018
TTO,14.4813,-58.0162,1531044,1.9313,0.018
USA,32.62,-64.7,333287557,0.2326,0.018
USA,40.08,-68.51,333287557,1.8684,0.018
USA,37.8531,-122.4024,333287557,0.0432,0.018
USA,38.879,-76.521,333287557,0.0069,0.018
RUS,69.558611,47.705556,144236933,0.6563,0.017999
JPN,33.501667,140.998333,125124989,1.1949,0.017975
USA,55.562333,-145.97625,333287557,3.8663,0.017936
GBR,57.118833,-6.551,66971395,0.0475,0.017835
AUS,-40.6377,155.8846,26005540,6.6837,0.017808
PRI,23.28,-59.93,3221789,5.8204,0.017788
USA,30.99,-78.65,333287557,2.1011,0.017788
USA,25.28,-147,333287557,9.7122,0.017788
ITA,44.125833,9.617667,58940425,0.0222,0.017738
TLS,-10.5035,126.001667,1341296,1.3306,0.017691
CAN,44.95,-58.42,38929902,1.5913,0.017672
CAN,34.68,-61.33,38929902,4.0436,0.017672
JAM,16.28,-77.12,2827377,1.4237,0.017672
TTO,13.48,-61.52,1531044,0.3136,0.017672
USA,40.57,-70.5,333287557,0.7422,0.017672
ITA,41.168333,9.63,58940425,0.0803,0.017663
IRL,57.328333,-14.151333,5127170,0.5325,0.017606
USA,33.08,-147.02,333287557,15.2138,0.017552
CAN,38.52,-65.8,38929902,4.9051,0.017548
ARG,-40.699333,-61.5935,46234830,0.4934,0.017542
AUS,-12.2716,141.6273,26005540,0.0736,0.01748
PRI,21.81,-58.65,3221789,5.1712,0.017432
USA,18.97,-143.47,333287557,11.3567,0.017416
CAN,44.88,-133.92,38929902,7.6334,0.01738
CAN,47.08,-57.78,38929902,0.5362,0.017352
CAN,35.53,-64.13,38929902,3.1885,0.017336
GBR,56.369167,-5.651833,66971395,0.0303,0.017302
PRI,26.74,-58.88,3221789,8.0521,0.017292
USA,3.48,-143.62,333287557,11.8039,0.017284
BHS,26.28,-74.82,409984,1.7318,0.01728
BHS,24.13,-76.12,409984,0.2441,0.01728
BHS,24.55,-76.03,409984,0.1621,0.01728
BHS,26.2,-78.25,409984,0.4203,0.01728
BHS,25.67,-74.8,409984,1.3143,0.01728
BHS,26.95,-73.99,409984,2.7978,0.01728
BHS,28.27,-70.15,409984,5.9671,0.01728
BHS,29.22,-68.85,409984,5.0018,0.01728
BHS,26.45,-78.68,409984,0.0424,0.01728
BHS,25.73,-76.26,409984,0.4019,0.01728
BHS,27.78,-77.14,409984,0.9741,0.01728
BHS,24.79,-76.07,409984,0.0881,0.01728
BHS,26.32,-74.38,409984,2.0848,0.01728
BHS,28.08,-78,409984,1.1591,0.01728
BHS,26.9,-72.53,409984,3.3657,0.01728
BHS,25.28,-77.22,409984,0.2262,0.01728
BHS,28.38,-71.23,409984,5.328,0.01728
BHS,25.57,-76.28,409984,0.2422,0.01728
BHS,28.19,-71.64,409984,4.9329,0.01728
CAN,38.15,-64.77,38929902,5.3416,0.01728
CAN,40.18,-65.82,38929902,3.2477,0.01728
CAN,32.47,-60.18,38929902,4.4688,0.01728
CAN,31.41,-59.66,38929902,5.0788,0.01728
CAN,41.6,-66.48,38929902,2.0111,0.01728
CAN,41.6,-66.48,38929902,2.0111,0.01728
CAN,42.46,-65.91,38929902,1.0023,0.01728
CAN,43.95,-57.26,38929902,2.448,0.01728
CAN,42.91,-65.41,38929902,0.5556,0.01728
CAN,37.27,-51.32,38929902,9.535,0.01728
CAN,45.33,-57.75,38929902,2.0058,0.01728
CAN,36.87,-64.17,38929902,4.5098,0.01728
CAN,36.87,-64.17,38929902,4.5098,0.01728
CAN,36.45,-63.43,38929902,4.2482,0.01728
CAN,33.38,-59.72,38929902,5.0304,0.01728
CAN,31.97,-59.69,38929902,4.9736,0.01728
CAN,41.94,-67.13,38929902,2.0663,0.01728
CUB,23.05,-74.65,11212191,0.2011,0.01728
CUB,24.33,-82.07,11212191,0.2285,0.01728
CUB,19.75,-79.29,11212191,0.4368,0.01728
CUB,20.79,-73.86,11212191,0.2343,0.01728
DOM,25.53,-71.07,11228821,3.558,0.01728
DOM,17.28,-71.8,11228821,0.3774,0.01728
DOM,25.22,-68.4,11228821,4.6081,0.01728
DOM,25.3,-68.2,11228821,4.7926,0.01728
DOM,19.95,-70.76,11228821,0.0846,0.01728
HTI,17.15,-73.37,11584996,0.9357,0.01728
HTI,18.97,-75.08,11584996,0.555,0.01728
HTI,17.81,-72.14,11584996,0.4179,0.01728
JAM,17.98,-75.4,2827377,0.5654,0.01728
JAM,18.17,-76.22,2827377,0.1148,0.01728
MEX,32.42,-117.18,127504125,0.0636,0.01728
MEX,24.52,-109.92,127504125,0.1462,0.01728
MEX,17.25,-102.62,127504125,0.774,0.01728
PRI,20.68,-58.57,3221789,4.3818,0.01728
PRI,19.17,-58.22,3221789,3.8364,0.01728
PRI,22.4,-58.38,3221789,5.8063,0.01728
PRI,19.97,-58.73,3221789,3.8002,0.01728
PRI,17.8,-63.9,3221789,0.6607,0.01728
PRI,29.74,-58.54,3221789,6.6491,0.01728
PRI,23.87,-59.03,3221789,6.7536,0.01728
PRI,20.27,-64.99,3221789,1.6324,0.01728
TTO,14.28,-61.85,1531044,0.7808,0.01728
USA,31.32,-67.87,333287557,3.1351,0.01728
USA,33.63,-64.68,333287557,1.2413,0.01728
USA,25.04,-79.91,333287557,0.452,0.01728
USA,32.77,-64.58,333287557,0.3933,0.01728
USA,40.48,-70.6,333287557,0.7941,0.01728
USA,39.66,-69.98,333287557,1.5794,0.01728
USA,39.66,-69.98,333287557,1.5794,0.01728
USA,40.75,-69.79,333287557,0.5299,0.01728
USA,31.07,-69.71,333287557,4.9741,0.01728
USA,31.07,-69.71,333287557,4.9741,0.01728
USA,32.18,-64.61,333287557,0.1688,0.01728
USA,32.77,-64.68,333287557,0.3814,0.01728
USA,31.48,-72.16,333287557,5.0491,0.01728
USA,30.67,-69.27,333287557,4.6704,0.01728
USA,40.02,-70.38,333287557,1.2508,0.01728
USA,40.95,-70.63,333287557,0.344,0.01728
USA,25.8,-79.73,333287557,0.3968,0.01728
USA,40.98,-70.81,333287557,0.268,0.01728
USA,40.85,-70,333287557,0.3893,0.01728
USA,39.75,-69.73,333287557,1.5137,0.01728
USA,24.72,-80.48,333287557,0.249,0.01728
USA,31.75,-70.3,333287557,5.4401,0.01728
USA,36.38,-66.11,333287557,4.2411,0.01728
USA,40.53,-70.33,333287557,0.7425,0.01728
USA,32.18,-65.82,333287557,0.9396,0.01728
USA,26.28,-79.76,333287557,0.3178,0.01728
USA,40.73,-68.22,333287557,1.8214,0.01728
USA,16.28,-160.37,333287557,5.2657,0.01728
USA,26.14,-143.12,333287557,13.4439,0.01728
USA,12.52,-156.96,333287557,6.5142,0.01728
VEN,13.3,-68.38,28301696,0.9898,0.01728
CUB,24.29,-81.95,11212191,0.2866,0.017228
JPN,31.493333,140,125124989,0.0625,0.017222
AUS,-18.6526,119.489,26005540,1.3328,0.017168
USA,5.28,-146.64,333287557,11.1136,0.017148
GBR,56.168833,-4.791,66971395,0.0063,0.017113
ATA,-62.0955,-59.9032,40,0.341,0.017
BHS,26.7501,-77.3168,409984,0.0382,0.017
CAN,39,-141.017,38929902,16.342,0.017
MAR,28.7118,-14.0116,37457971,0.009,0.017
MAR,24.3364,-29.1592,37457971,8.1879,0.017
MEX,24.4172,-110.3122,127504125,0.0089,0.017
SEN,17.0463,-29.3447,17316449,3.9843,0.017
TTO,14.55,-59,1531044,1.3523,0.017
TTO,14.5734,-58.9478,1531044,1.3972,0.017
USA,59.6387,-153.3957,333287557,0.0112,0.017
USA,43.6612,-70.2389,333287557,0.0024,0.017
USA,27.0671,-144.2697,333287557,12.9718,0.017
USA,16.51,-144.42,333287557,10.813,0.017
GBR,56.575667,-7.273,66971395,0.2921,0.016996
GBR,58.633167,0.063167,66971395,1.8073,0.016958
HTI,18.15,-74.59,11584996,0.2436,0.016936
AUS,-16.927833,145.984,26005540,0.0423,0.016931
USA,33.38,-156.38,333287557,11.5464,0.016928
GBR,55.474,-4.915167,66971395,0.1596,0.016858
GBR,55.8055,-4.889,66971395,0.0125,0.01685
GBR,56.936833,-6.542167,66971395,0.1097,0.016824
BHS,25.17,-75.77,409984,0.3473,0.0168
CUB,19.58,-78.68,11212191,0.9823,0.0168
PRI,23.13,-56.39,3221789,7.6535,0.0168
DOM,22.87,-69.81,11228821,1.8983,0.016796
FJI,-16.667,-151.716167,929766,0.1443,0.016755
CAN,35.51,-64.64,38929902,3.1216,0.016752
NCL,-26.28555,167.01447,269220,2.8612,0.016746
JAM,17.17,-80.02,2827377,1.9708,0.016696
GBR,55.763667,-4.966167,66971395,0.0466,0.01667
USA,55.790333,-147.5105,333287557,3.7986,0.016649
CAN,36.32,-64.82,38929902,3.934,0.016636
GBR,57.619,-1.736833,66971395,0.0866,0.01663
CAN,42.67,-60.47,38929902,1.3178,0.016616
DOM,21.16,-68.33,11228821,2.01,0.016616
USA,20.57,-154.86,333287557,0.6923,0.016616
BHS,24.55,-76.1,409984,0.1131,0.016612
JPN,31.496667,141,125124989,0.9558,0.0166
PHL,9.984617,125.027,115559009,0.0359,0.016599
PRI,23.68,-56.61,3221789,7.9089,0.016432
USA,44.048367,-129.019067,333287557,4.615,0.016427
USA,44.064917,-129.019933,333287557,4.6202,0.016426
FJI,-19.01145,-176.4829,929766,1.5572,0.016424
FJI,-21.2977,173.5556,929766,1.1023,0.016392
ESP,36.609833,-3.896333,47778340,0.1285,0.016375
USA,3.48,-143.62,333287557,11.8039,0.016344
GBR,58.613167,-5.175333,66971395,0.1222,0.016313
GBR,57.475,-1.649167,66971395,0.1102,0.016312
GBR,58.355833,-6.814333,66971395,0.0621,0.016272
AUS,-10.77932,142.29283,26005540,0.0617,0.016261
PRI,24.76,-58.19,3221789,7.9221,0.016216
BHS,26.2,-78.08,409984,0.4209,0.0162
CAN,37.08,-63.2,38929902,4.9181,0.0162
CUB,19.59,-79.14,11212191,0.6048,0.0162
HTI,17.83,-74.96,11584996,0.567,0.0162
HTI,18.99,-75.14,11584996,0.5832,0.0162
PRI,26.45,-58.02,3221789,8.8796,0.0162
USA,39.11,-69.36,333287557,2.2237,0.0162
USA,31.26,-74.12,333287557,4.1102,0.0162
USA,31.44,-73.62,333287557,4.2532,0.0162
USA,30.86,-64.16,333287557,1.5393,0.0162
USA,39.95,-71.08,333287557,1.2903,0.0162
USA,25.69,-141.14,333287557,15.0072,0.0162
PRI,18.08,-67.48,3221789,0.279,0.016196
USA,40.78,-70.53,333287557,0.5412,0.016196
USA,38.93,-68.9,333287557,2.5532,0.016196
USA,16.36,-159.94,333287557,4.8603,0.016196
USA,16.36,-159.94,333287557,4.8603,0.016196
USA,16.36,-159.94,333287557,4.8603,0.016196
USA,16.36,-159.94,333287557,4.8603,0.016196
USA,16.36,-159.94,333287557,4.8603,0.016196
USA,16.36,-159.94,333287557,4.8603,0.016196
USA,16.36,-159.94,333287557,4.8603,0.016196
USA,16.36,-159.94,333287557,4.8603,0.016196
USA,16.36,-159.94,333287557,4.8603,0.016196
USA,16.36,-159.94,333287557,4.8603,0.016196
USA,16.36,-159.94,333287557,4.8603,0.016196
USA,16.36,-159.94,333287557,4.8603,0.016196
USA,16.36,-159.94,333287557,4.8603,0.016196
USA,16.36,-159.94,333287557,4.8603,0.016196
USA,16.36,-159.94,333287557,4.8603,0.016196
USA,16.36,-159.94,333287557,4.8603,0.016196
USA,16.36,-159.94,333287557,4.8603,0.016196
AUS,-20.4033,115.1027,26005540,0.4152,0.016181
AUS,-21.8302,113.9318,26005540,0.0824,0.016108
NCL,-22.5974,172.1044,269220,2.6479,0.016098
PRI,23.35,-64.9,3221789,4.6315,0.016084
ITA,43.899817,10.037167,58940425,0.1268,0.016075
CAN,28.1833,-45.8667,38929902,18.3881,0.016
ESH,21.7247,-27.0357,4000,4.9201,0.016
MAR,25.7649,-20.5279,37457971,3.0719,0.016
MEX,1.266,-102.9,127504125,10.8955,0.016
SEN,18.0665,-35.9566,17316449,10.6443,0.016
TTO,14.3437,-59.3388,1531044,1.0361,0.016
USA,32.8711,-143.4387,333287557,17.4221,0.016
USA,22.8167,-156.985,333287557,1.4803,0.016
USA,23.6348,-154.91,333287557,3.005,0.016
USA,32.3905,-125.8473,333287557,5.559,0.016
USA,60.1536,-147.3296,333287557,0.029,0.016
USA,38.8992,-76.4797,333287557,0.0134,0.016
CAN,46.52,-56.63,38929902,0.3716,0.015964
ARG,-49.710833,-66.805,46234830,0.8947,0.015956
USA,40.82,-135.73,333287557,11.327,0.015948
USA,39.76,-71.34,333287557,1.3962,0.01592
BHS,27.48,-77.71,409984,0.5565,0.015916
AUS,-18.70528,118.76482,26005540,1.3041,0.015793
TUN,38.1745,10.5115,12356117,1.0066,0.015786
BHS,25.27,-77.37,409984,0.1865,0.015708
CUB,20.93,-73.74,11212191,0.0631,0.015708
CHL,-31.333333,-79.217167,19603733,2.2668,0.015699
USA,19.2407,-155.1751,333287557,0.0217,0.015673
CAN,39.06,-63.52,38929902,4.8247,0.015632
GBR,55.939167,-4.629,66971395,0.0069,0.015625
CHL,-33.6899,-72.0005,19603733,0.2082,0.015594
AGO,-18.333633,2.062467,35588987,8.0718,0.015583
AUS,-19.9658,117.09446,26005540,0.6218,0.015583
TTO,14.523833,-56.445833,1531044,3.2781,0.015568
USA,25.53,-79.48,333287557,0.1933,0.015552
AUS,-39.0338,142.3859,26005540,0.6164,0.015479
BHS,28.48,-73.48,409984,4.0742,0.015432
BHS,27.95,-70.72,409984,5.3367,0.015432
JAM,16.43,-79.94,2827377,2.3986,0.015432
USA,37.48,-67.43,333287557,4.5438,0.015432
BHS,26.27,-78.23,409984,0.3514,0.015428
DOM,19.43,-69.12,11228821,0.1297,0.015428
FJI,-21.29425,173.55563,929766,1.1035,0.015428
PRI,27.26,-63.02,3221789,5.3069,0.015428
USA,31.99,-64.6,333287557,0.3325,0.015428
USA,39.27,-68.78,333287557,2.3082,0.015428
USA,50.763417,-144.612417,333287557,8.819,0.015396
PER,-26.99759,-101.60269,34049588,3.8935,0.01534
PER,-27.02022,-107.57399,34049588,1.6482,0.01534
PER,-27.15046,-109.45715,34049588,0.0163,0.01534
GBR,56.199833,-6.5535,66971395,0.2194,0.015297
GBR,57.958667,-5.4015,66971395,0.0246,0.015274
GBR,57.627333,-6.966,66971395,0.0993,0.015253
USA,40.43,-70.74,333287557,0.8204,0.015244
GBR,56.073,-6.6375,66971395,0.2953,0.015236
AUS,-20.39898,115.10848,26005540,0.4142,0.015229
GBR,57.9465,-3.280833,66971395,0.2261,0.01514
BHS,25.78,-76.62,409984,0.2279,0.01512
BHS,24.75,-74.28,409984,0.6336,0.01512
BHS,26.37,-72.35,409984,3.0678,0.01512
BHS,24.12,-74.65,409984,0.1219,0.01512
BHS,25.71,-77.17,409984,0.184,0.01512
BHS,25.9,-77.65,409984,0.2417,0.01512
BHS,27.07,-72.95,409984,3.2942,0.01512
BHS,25.67,-77.37,409984,0.2559,0.01512
BHS,24.53,-76.09,409984,0.1353,0.01512
BHS,27.97,-71.74,409984,4.6955,0.01512
BHS,25.71,-75.96,409984,0.5365,0.01512
CAN,37.43,-65.38,38929902,5.0902,0.01512
CAN,32.53,-60.62,38929902,4.0309,0.01512
CAN,36.51,-64.64,38929902,4.1215,0.01512
CAN,42.69,-63.51,38929902,1.741,0.01512
CAN,42.82,-63.57,38929902,1.603,0.01512
CAN,33.38,-59.72,38929902,5.0304,0.01512
CAN,44.39,-61.89,38929902,0.6031,0.01512
CAN,46.82,-57.83,38929902,0.7985,0.01512
CAN,31,-61.77,38929902,3.1861,0.01512
CAN,40.44,-64.48,38929902,3.19,0.01512
CAN,31.37,-59.93,38929902,4.8221,0.01512
CAN,32.71,-60.65,38929902,4.0122,0.01512
CAN,32.23,-60.12,38929902,4.5297,0.01512
CAN,35.13,-60.98,38929902,4.5912,0.01512
CUB,21.37,-74.57,11212191,0.7711,0.01512
CUB,20.01,-85.08,11212191,1.7525,0.01512
CUB,19.85,-78.88,11212191,0.8356,0.01512
CUB,24.16,-81.99,11212191,0.4142,0.01512
DOM,22.83,-69.17,11228821,2.3678,0.01512
DOM,21.87,-69.53,11228821,1.643,0.01512
DOM,26.45,-68.92,11228821,5.3693,0.01512
DOM,19.18,-68.49,11228821,0.3269,0.01512
DOM,20.12,-69.95,11228821,0.44,0.01512
DOM,23.22,-67.82,11228821,3.7311,0.01512
HND,16.58,-84.12,10432860,0.7869,0.01512
HTI,20.57,-73.12,11584996,0.3968,0.01512
HTI,22.75,-72.42,11584996,0.522,0.01512
JAM,17.47,-76.1,2827377,0.4467,0.01512
JAM,17.17,-79.1,2827377,1.2963,0.01512
JAM,18.25,-76.13,2827377,0.2347,0.01512
JAM,16.44,-78.05,2827377,1.4504,0.01512
JAM,19.09,-77.96,2827377,0.5733,0.01512
JAM,18.57,-76.82,2827377,0.1773,0.01512
PRI,16.97,-62.68,3221789,0.1503,0.01512
PRI,26.53,-60.7,3221789,7.0367,0.01512
PRI,16.78,-62.62,3221789,0.3122,0.01512
PRI,29.64,-58.45,3221789,6.7715,0.01512
PRI,22.21,-57.36,3221789,6.3175,0.01512
PRI,26.65,-57.67,3221789,9.0164,0.01512
PRI,22.03,-60,3221789,4.6784,0.01512
PRI,30.83,-60.92,3221789,4.0325,0.01512
PRI,20.67,-59.49,3221789,3.7553,0.01512
PRI,26.15,-64.84,3221789,6.0981,0.01512
TTO,11.92,-61.44,1531044,0.2283,0.01512
TTO,12.57,-61.64,1531044,0.1748,0.01512
USA,24.55,-80.18,333287557,0.5644,0.01512
USA,27.57,-79.73,333287557,0.547,0.01512
USA,27.57,-79.73,333287557,0.547,0.01512
USA,31.26,-67.9,333287557,3.1822,0.01512
USA,40.28,-70.29,333287557,0.9791,0.01512
USA,35.01,-65.75,333287557,2.8328,0.01512
USA,35.52,-66.75,333287557,3.719,0.01512
USA,40.02,-70.38,333287557,1.2508,0.01512
USA,39.62,-68.67,333287557,2.0827,0.01512
USA,33.54,-64.24,333287557,1.2312,0.01512
USA,41.3,-69.03,333287557,0.9281,0.01512
USA,29.92,-80.23,333287557,0.9983,0.01512
USA,30.97,-66.37,333287557,1.9722,0.01512
USA,40.53,-70.33,333287557,0.7425,0.01512
USA,40.8,-70.82,333287557,0.4481,0.01512
USA,40.35,-70.03,333287557,0.8897,0.01512
USA,36.27,-66.27,333287557,4.1959,0.01512
USA,42.6,-70.51,333287557,0.0936,0.01512
USA,31.04,-69.34,333287557,4.6241,0.01512
USA,39.84,-71.11,333287557,1.3836,0.01512
USA,31.51,-70.29,333287557,5.459,0.01512
USA,25.27,-79.38,333287557,0.2835,0.01512
USA,42.86,-69.31,333287557,0.9855,0.01512
USA,16.13,-162,333287557,5.9266,0.01512
GBR,56.666167,-6.1265,66971395,0.0127,0.015106
BHS,25.6,-73.27,409984,1.8814,0.015024
BHS,28.57,-77.2783,409984,1.682,0.015
BLZ,17.2776,-87.8055,405272,0.0147,0.015
BLZ,17.4098,-87.9276,405272,0.01,0.015
BRA,17.905,-41.2835,215313498,15.9457,0.015
CAN,45.2461,-61.2239,38929902,0.0006,0.015
ESH,21.318,-28.0175,4000,5.0034,0.015
IDN,7.0778,134.3083,275501339,0.0267,0.015
MAR,24.8967,-17.7617,37457971,2.1398,0.015
MAR,24.9433,-18.1717,37457971,2.5137,0.015
MAR,22.8342,-18.9109,37457971,2.1852,0.015
MAR,27.0951,-18.219,37457971,0.5915,0.015
MAR,24.2833,-22.1,37457971,5.2295,0.015
PRI,27.1606,-63.9837,3221789,5.1581,0.015
SEN,16.8167,-27.82,17316449,2.4711,0.015
TTO,15.0737,-58.8173,1531044,1.9034,0.015
USA,25.7248,-149.7316,333287557,7.9335,0.015
USA,27.0671,-144.2697,333287557,12.9718,0.015
USA,57.0386,-135.3736,333287557,0.0359,0.015
USA,60.008,-149.404,333287557,0,0.015
FJI,-24.1665,-131.467,929766,0.7522,0.014987
GBR,56.180667,-4.7815,66971395,0.0058,0.014985
GBR,56.5485,-2.513333,66971395,0.0363,0.014975
USA,19.62,-157,333287557,0.9411,0.01496
JPN,29.001667,132.505,125124989,2.0641,0.014938
PRI,18.97,-59.12,3221789,2.9361,0.014932
SEN,16.588833,-24.488667,17316449,0.0699,0.014859
USA,56.65275,-144.314998,333287557,3.1737,0.01483
BHS,26.21,-78.1,409984,0.4229,0.014804
HND,16.75,-83.7,10432860,0.6944,0.01478
ITA,36.896,15.2445,58940425,0.0688,0.014728
NCL,-21.76922,170.62282,269220,1.7043,0.014685
GBR,55.236167,-5.736833,66971395,0.061,0.014655
AUS,-20.32093,115.6518,26005540,0.4012,0.014648
AUS,-19.79527,115.98943,26005540,1.0257,0.014611
PER,-26.47547,-105.36776,34049588,0.0924,0.01461
CHL,-32.5685,-87.4243,19603733,6.7485,0.0146
ISL,58.162,-14.5775,382003,1.0509,0.014598
USA,37.18,-65.6,333287557,4.8796,0.014556
CAN,36.7,-60.33,38929902,6.1161,0.01454
IDN,6.6318,90.5578,275501339,2.9939,0.014532
MDG,-22.343,43.058,29611714,0.1826,0.014463
USA,41.03,-70.57,333287557,0.3182,0.01444
PRI,27.32,-55.15,3221789,10.7547,0.014404
BHS,28.08,-72.03,409984,4.627,0.0144
CAN,42.21,-65.7,38929902,1.2142,0.0144
CAN,32.55,-62.74,38929902,1.9163,0.0144
COL,13.8,-72.48,51874024,1.5482,0.0144
DOM,30.48,-64.89,11228821,1.7689,0.0144
HTI,19.54,-73.88,11584996,0.4424,0.0144
JAM,16.35,-79,2827377,1.9563,0.0144
MEX,22.17,-106.46,127504125,0.4425,0.0144
PRI,17.39,-64.93,3221789,0.2948,0.0144
PRI,17.77,-67.08,3221789,0.1824,0.0144
PRI,20.53,-65.44,3221789,2.0618,0.0144
PRI,22.03,-60,3221789,4.6784,0.0144
PRI,17.35,-60.75,3221789,0.9567,0.0144
TTO,12.02,-59.46,1531044,1.034,0.0144
USA,37.8,-67.9,333287557,4.0214,0.0144
USA,41.38,-71.13,333287557,0.1049,0.0144
USA,25.89,-79.54,333287557,0.2904,0.0144
USA,42.27,-69.58,333287557,0.511,0.0144
USA,33.26,-156.98,333287557,11.2869,0.0144
CAN,43.49,-63.42,38929902,0.9743,0.014396
DOM,23.6,-70.17,11228821,2.2874,0.014396
PRI,29.22,-59.15,3221789,6.3335,0.014396
USA,38.92,-69.73,333287557,2.3351,0.014396
USA,24.18,-81.15,333287557,0.492,0.014396
USA,31.75,-69.11,333287557,4.2574,0.014396
CAN,36.45,-64.88,38929902,4.0665,0.014388
CAN,35.48,-63.7,38929902,3.2418,0.014388
DOM,20.37,-71.3,11228821,0.4959,0.014388
HTI,18.35,-75.3,11584996,0.2766,0.014388
PRI,29.23,-59.18,3221789,6.3025,0.014388
DEU,54.153667,13.565167,83797985,0.0184,0.014362
GBR,50.573117,-0.27775,66971395,0.2499,0.014353
CUB,25.26,-84.56,11212191,2.5048,0.01432
HTI,17.99,-74.39,11584996,0.3019,0.014276
ZAF,-32.873333,28.424333,59893885,0.1858,0.014271
CHL,-27.02234,-89.46628,19603733,9.3883,0.01426
PER,-26.99854,-101.52772,34049588,3.9679,0.01426
PER,-26.49316,-105.64031,34049588,0.173,0.01426
GBR,55.680333,-5.050717,66971395,0.0483,0.014075
CAN,37.2,-60.93,38929902,6.0965,0.01404
CHL,-54.8747,-68.023,19603733,0.0223,0.014
ESH,19.3846,-21.2648,4000,3.0199,0.014
ESH,21.6291,-23.7028,4000,4.6432,0.014
ESH,20.3167,-36.3333,4000,11.4473,0.014
ESP,35.9477,-5.3356,47778340,0.0335,0.014
GRL,64.1817,-51.5262,56661,0.0101,0.014
MAR,25.2758,-23,37457971,5.4229,0.014
MEX,24.301,-111.7071,127504125,0.0011,0.014
MEX,21.3124,-106.2232,127504125,0.0022,0.014
TTO,14.2224,-57.9561,1531044,1.8142,0.014
TTO,14.3441,-58.6255,1531044,1.3992,0.014
USA,59.3415,-153.5498,333287557,0,0.014
USA,58.0042,-153.2685,333287557,0.0031,0.014
USA,39.0854,-76.1694,333287557,0.018,0.014
PNG,-1.963167,147.862833,10142619,0.2768,0.013996
BHS,25.25,-73.6,409984,1.402,0.013976
AUS,-36.05597,135.6867,26005540,0.858,0.013926
AUS,-21.1987,115.4921,26005540,0.1814,0.013901
GBR,56.651167,-2.386667,66971395,0.0762,0.013892
USA,19.51,-156.49,333287557,0.4803,0.013784
CUB,24.52,-82.5,11212191,0.3616,0.013744
CUB,24.38,-82.71,11212191,0.603,0.013744
DOM,23.22,-71.22,11228821,1.4472,0.013744
PRI,23.28,-59.93,3221789,5.8204,0.013744
GRL,69.208833,-53.5595,56661,0.0268,0.013741
GBR,55.961333,-4.882833,66971395,0.0264,0.013674
LKA,5.8815,84.9375,22181000,3.2293,0.013668
GBR,54.745167,-3.9095,66971395,0.0465,0.013667
USA,32.35,-155.1,333287557,10.9859,0.01366
LKA,6.2255,87.559,22181000,5.7241,0.013651
BHS,26.2,-78.25,409984,0.4203,0.013644
GBR,56.114667,-6.303667,66971395,0.0767,0.013637
CHL,-33.1342,-81.2382,19603733,0.7371,0.013627
MYS,3.289833,111.646,33938221,0.4429,0.013546
CUB,24.59,-83.34,11212191,1.1943,0.013516
DOM,21.32,-70.17,11228821,0.9709,0.013504
BHS,27.8,-72.67,409984,4.0723,0.0135
DOM,20.22,-70.42,11228821,0.4363,0.0135
DOM,27.36,-67.77,11228821,5.6887,0.0135
DOM,28.58,-67.29,11228821,4.3991,0.0135
TTO,14.24,-61.73,1531044,0.6827,0.0135
USA,26.72,-79.58,333287557,0.4545,0.0135
RUS,72.155833,63.105278,144236933,2.4492,0.013499
RUS,73.834444,78.816667,144236933,0.8067,0.013499
RUS,67.2771,41.1985,144236933,0.053,0.013499
HTI,20.17,-73.56,11584996,0.3717,0.013496
USA,32.43,-75.63,333287557,2.3394,0.013496
CHL,-53.756667,-72.035,19603733,0.0504,0.013485
DEU,54.645,10.3495,83797985,0.1882,0.01348
AUS,-18.99285,118.17348,26005540,1.3257,0.013454
JPN,32.5,140.003333,125124989,0.237,0.013446
CIV,-7.25475,-6.57884,28160542,7.7468,0.013441
CAN,43.12,-64.76,38929902,0.6524,0.013436
JPN,32.996667,140,125124989,0.1524,0.013381
USA,8.03,-157.49,333287557,4.3984,0.013372
GBR,56.575,-2.441167,66971395,0.0634,0.013364
JPN,34,140.995,125124989,1.316,0.013348
BRA,4.146767,-27.815967,215313498,3.6092,0.01334
TTO,12.77,-61.62,1531044,0.2315,0.013332
IND,9.0765,78.3651,1417173173,0.007,0.0133
CAN,43.33,-59.93,38929902,0.5849,0.013292
GBR,57.027167,-1.941667,66971395,0.1414,0.013292
TTO,14.73,-60.01,1531044,0.836,0.013292
USA,23.5707,-164.4812,333287557,0.2179,0.013241
ITA,44.277375,8.462589,58940425,0.0158,0.013228
JPN,30.998333,138.003333,125124989,2.0861,0.013218
PRI,27.59,-59.93,3221789,6.7078,0.013196
USA,56.570583,-142.849833,333287557,3.5142,0.013169
NIC,16.63,-81.39,6948392,2.3866,0.013148
CAN,68.97,-106.303333,38929902,0.0653,0.013143
GRL,60.2195,-39.290167,56661,3.2288,0.013134
AUS,-18.65402,119.48223,26005540,1.3327,0.013106
FJI,-19.952167,-157.687167,929766,0.1023,0.013095
CAN,42.46,-65.91,38929902,1.0023,0.013092
CAN,42.94,-63.94,38929902,1.2605,0.013072
AUS,-18.8663,118.66015,26005540,1.1834,0.013068
AUS,-36.0524,135.6864,26005540,0.8578,0.013055
ATA,-64.8147,-63.5095,40,0.0023,0.013
BRA,-27.1176,-48.5402,215313498,0.0141,0.013
CRI,0.5,-95.35,5180829,3.5338,0.013
ESH,21.9925,-28.5041,4000,5.834,0.013
ESH,20.1235,-27.6653,4000,3.8223,0.013
ESH,18.8333,-23.4833,4000,2.0512,0.013
FLK,-54.434,-36.187,2840,0.0097,0.013
FLK,-44.9322,-57.1367,2840,6.4888,0.013
GTM,2.9,-96.583,17357886,4.737,0.013
LKA,-16.3516,78.8347,22181000,10.9784,0.013
MAR,25.3,-18.9333,37457971,2.5235,0.013
MAR,23.8825,-21.5175,37457971,4.9935,0.013
MEX,13.5331,-95.8039,127504125,2.1933,0.013
PAN,9.556,-79.6544,4408581,0.0009,0.013
PRI,17.2911,-62.7294,3221789,0.0003,0.013
PRI,22.3494,-63.5046,3221789,3.6943,0.013
PRI,19.22,-60.14,3221789,2.2379,0.013
SUR,13.7049,-53.6067,618040,5.8456,0.013
TTO,16.26,-55.52,1531044,4.9871,0.013
TTO,14.7682,-55.9858,1531044,3.7982,0.013
USA,27.0786,-131.5791,333287557,13.1251,0.013
USA,22.9963,-146.9778,333287557,8.5782,0.013
USA,27.0671,-144.2697,333287557,12.9718,0.013
USA,31.697,-129.0366,333287557,8.4949,0.013
USA,47.5122,-122.4973,333287557,0.0114,0.013
USA,60.3119,-148.0556,333287557,0.0259,0.013
USA,59.86,-149.11,333287557,0.109,0.013
USA,35.617,-127.883,333287557,5.3084,0.013
VUT,-15.4537,166.6706,326740,0.0066,0.013
BHS,26.42,-78.7,409984,0.0728,0.01296
BHS,26.3,-75.28,409984,1.4326,0.01296
BHS,25.93,-76.72,409984,0.3662,0.01296
BHS,24.28,-75.02,409984,0.2972,0.01296
BHS,26.45,-78.7,409984,0.043,0.01296
BHS,26.15,-75.47,409984,1.1945,0.01296
BHS,26.87,-77.39,409984,0.0802,0.01296
BHS,25.76,-73.68,409984,1.796,0.01296
BHS,25.71,-77.17,409984,0.184,0.01296
BHS,27.3,-70.5,409984,5.064,0.01296
BHS,25.62,-76.55,409984,0.1403,0.01296
BHS,25.57,-73.6,409984,1.6666,0.01296
BHS,25.67,-75.53,409984,0.7959,0.01296
BHS,28.35,-74.28,409984,3.3218,0.01296
BHS,30.03,-74.05,409984,4.616,0.01296
BHS,25.1,-73.28,409984,1.5189,0.01296
BHS,28.04,-70.42,409984,5.6131,0.01296
CAN,36.7,-65.03,38929902,4.3258,0.01296
CAN,35.63,-62.01,38929902,4.1948,0.01296
CAN,42.82,-65.4,38929902,0.6436,0.01296
CAN,37.73,-64.9,38929902,5.346,0.01296
CAN,41.03,-65.72,38929902,2.3938,0.01296
CAN,46.03,-58.75,38929902,0.9386,0.01296
CAN,52.53,-132.76,38929902,0.5703,0.01296
CUB,24.43,-72.43,11212191,1.818,0.01296
CUB,24.08,-81.1,11212191,0.6019,0.01296
CUB,19.71,-79.09,11212191,0.6372,0.01296
CUB,24.3,-72.7,11212191,1.543,0.01296
CUB,21.44,-74.2,11212191,0.6234,0.01296
CUB,24.05,-81.6,11212191,0.5216,0.01296
CUB,24.29,-81.95,11212191,0.2866,0.01296
CUB,24.39,-83.21,11212191,1.0834,0.01296
DOM,24.78,-71.63,11228821,2.6417,0.01296
DOM,23,-70.92,11228821,1.3825,0.01296
DOM,26.45,-68.92,11228821,5.3693,0.01296
DOM,27.15,-68.9,11228821,5.9908,0.01296
DOM,27.52,-68.88,11228821,6.2029,0.01296
DOM,23.2,-69.8,11228821,2.1528,0.01296
DOM,24.98,-71.78,11228821,2.6652,0.01296
DOM,24.48,-71.38,11228821,2.5355,0.01296
HND,17.3,-81.97,10432860,1.9455,0.01296
HTI,20.57,-73.12,11584996,0.3968,0.01296
HTI,18.98,-74.23,11584996,0.3106,0.01296
HTI,19.66,-73.75,11584996,0.2884,0.01296
HTI,18.35,-75.3,11584996,0.2766,0.01296
HTI,18.99,-75.11,11584996,0.5783,0.01296
JAM,17.32,-76.67,2827377,0.5517,0.01296
JAM,17.83,-78.32,2827377,0.3732,0.01296
JAM,18.59,-78.87,2827377,0.5806,0.01296
JAM,18.78,-77.82,2827377,0.2563,0.01296
JAM,15.25,-75.83,2827377,2.6632,0.01296
JAM,17.88,-78.57,2827377,0.4115,0.01296
JAM,18.63,-76.25,2827377,0.4814,0.01296
JAM,18.96,-76.96,2827377,0.5492,0.01296
JAM,18.68,-76.92,2827377,0.2678,0.01296
JAM,16.73,-77.93,2827377,1.1423,0.01296
PRI,24.05,-58.13,3221789,7.3294,0.01296
PRI,25.4,-57.82,3221789,8.6607,0.01296
PRI,25.15,-59.98,3221789,7.4,0.01296
PRI,21.84,-59.34,3221789,4.8109,0.01296
PRI,25.56,-57.13,3221789,9.1378,0.01296
PRI,19.25,-61.03,3221789,1.7234,0.01296
PRI,21.34,-65.65,3221789,2.8769,0.01296
PRI,19.52,-59.62,3221789,2.8253,0.01296
PRI,22.08,-58.53,3221789,5.4594,0.01296
PRI,16.36,-60.71,3221789,0.2796,0.01296
PRI,15,-65.84,3221789,2.3054,0.01296
PRI,24.03,-57.76,3221789,7.504,0.01296
PRI,17.83,-62.99,3221789,0.1492,0.01296
TTO,12.98,-61.5,1531044,0.2229,0.01296
TTO,13.17,-59.67,1531044,0.0233,0.01296
USA,43.39,-68.81,333287557,0.6393,0.01296
USA,37.67,-67.93,333287557,4.1186,0.01296
USA,30.37,-79.24,333287557,2.0857,0.01296
USA,41.8,-69.05,333287557,0.8755,0.01296
USA,43.09,-69.28,333287557,0.7805,0.01296
USA,31.85,-63.97,333287557,0.8489,0.01296
USA,40.86,-68.65,333287557,1.3723,0.01296
USA,25.41,-79.91,333287557,0.2882,0.01296
USA,39.97,-70.55,333287557,1.3026,0.01296
USA,39.62,-68.67,333287557,2.0827,0.01296
USA,36.02,-68.43,333287557,5.1383,0.01296
USA,40.06,-71.16,333287557,1.1593,0.01296
USA,41.41,-70.88,333287557,0.0125,0.01296
USA,29.05,-80.15,333287557,0.6219,0.01296
USA,32.75,-64.6,333287557,0.3693,0.01296
USA,31.45,-67.79,333287557,3.021,0.01296
USA,37.11,-65.66,333287557,4.8228,0.01296
USA,28.76,-79.47,333287557,1.0966,0.01296
USA,30.99,-69.17,333287557,4.4746,0.01296
USA,42.13,-70.23,333287557,0.0475,0.01296
USA,25.35,-141.11,333287557,14.8979,0.01296
VEN,13.33,-65.68,28301696,1.564,0.01296
PRI,17.69,-58.38,3221789,2.9349,0.012952
USA,24.52,-148.47,333287557,8.0818,0.012792
LKA,5.7092,83.7172,22181000,2.1405,0.012781
CHL,-48.45,-74.495,19603733,0.0097,0.012719
BHS,27.57,-74.38,409984,2.87,0.0127
CIV,-7.039,-6.0455,28160542,8.2989,0.012681
USA,39.9,-157.2,333287557,15.0382,0.012652
PHL,20.997778,127.990278,115559009,4.524,0.012627
USA,24.33,-81.14,333287557,0.3529,0.0126
PER,-25.194333,-112.957333,34049588,4.0147,0.012576
BHS,25.92,-75.6,409984,0.9373,0.012552
JPN,34.979167,150.004722,125124989,9.0793,0.012527
JPN,33.995,137.996667,125124989,0.6364,0.012523
GBR,57.7,-5.844667,66971395,0.0512,0.012492
USA,6.67,-162.95,333287557,0.594,0.01246
GBR,55.977833,-4.808,66971395,0.0043,0.012357
BHS,26.2,-78.47,409984,0.351,0.012344
CAN,40.25,-66.03,38929902,3.1973,0.012344
BHS,26.79,-74.44,409984,2.3574,0.01234
BHS,26.92,-79.3,409984,0.373,0.01234
HTI,19.32,-73.86,11584996,0.5346,0.01234
PRI,21.32,-60.14,3221789,3.9733,0.01234
USA,30.96,-70.13,333287557,5.4082,0.01234
GBR,56.177,-2.475,66971395,0.1433,0.01231
NCL,-22.654167,161.397,269220,3.5135,0.012291
IDN,-1.028,129.899167,275501339,0.1152,0.012258
GBR,55.8365,-4.9605,66971395,0.0413,0.012221
AUS,-31.0332,153.3714,26005540,0.3021,0.01221
ESP,42.8155,-9.423833,47778340,0.1697,0.012198
JPN,32.493333,139.003333,125124989,0.7541,0.012138
LKA,5.6413,83.1797,22181000,1.7048,0.012001
ATA,-64.5771,-62.2257,40,0.0768,0.012
ATA,-64.5415,-61.9958,40,0.022,0.012
BRA,19.2716,-39.6801,215313498,14.4902,0.012
BRA,17.6033,-39.82,215313498,14.47,0.012
CHL,-54.7383,-69.6171,19603733,0.0126,0.012
CHL,-54.7373,-69.6131,19603733,0.0167,0.012
CHL,-52.9228,-70.5933,19603733,0.0723,0.012
CHL,-54.9349,-67.6187,19603733,0.0137,0.012
CRI,9.9962,-85.7034,5180829,0.0048,0.012
ESH,21.3652,-19.473,4000,2.4165,0.012
ESP,35.9433,-6.1325,47778340,0.2618,0.012
FLK,-51.6918,-57.8586,2840,0.0022,0.012
FLK,-54.132,-36.826,2840,0.0085,0.012
GTM,4.667,-96.583,17357886,5.4725,0.012
HTI,18.98,-75.08,11584996,0.5649,0.012
MAR,25.4442,-16.44,37457971,1.5723,0.012
MAR,25.0133,-20.673,37457971,3.6942,0.012
MAR,24.5117,-25.9383,37457971,7.3627,0.012
MAR,24.6208,-17.5606,37457971,1.8236,0.012
MDG,-9.661,47.5941,29611714,0.0875,0.012
MEX,2.367,-111.05,127504125,8.1237,0.012
PHL,7.2537,134.2452,115559009,0.102,0.012
PRI,19.32,-65.08,3221789,0.8842,0.012
PRI,16.97,-63.87,3221789,0.9001,0.012
PRI,18.3047,-65.2968,3221789,0.0007,0.012
PRI,17.4807,-62.9901,3221789,0.0016,0.012
PRI,24.1854,-63.6332,3221789,5.4824,0.012
SEN,16.6144,-29.0109,17316449,3.677,0.012
SEN,17.665,-35.2483,17316449,9.9067,0.012
TTO,12.7077,-61.3287,1531044,0.0029,0.012
TTO,15.4,-56.4333,1531044,3.7387,0.012
TTO,14,-59,1531044,0.8921,0.012
USA,42.67,-69.68,333287557,0.7312,0.012
USA,39.2848,-76.6093,333287557,0.0222,0.012
USA,23.6348,-154.91,333287557,3.005,0.012
USA,34.2083,-77.7985,333287557,0.0221,0.012
USA,59.9816,-139.4554,333287557,0.0025,0.012
USA,60.5627,-145.743,333287557,0.0005,0.012
USA,60.774,-147.029,333287557,0.1175,0.012
PRI,26.2,-59.95,3221789,7.7441,0.011996
USA,17.55,-158.31,333287557,2.8457,0.011996
USA,17.55,-158.31,333287557,2.8457,0.011996
USA,17.55,-158.31,333287557,2.8457,0.011996
USA,17.55,-158.31,333287557,2.8457,0.011996
USA,17.55,-158.31,333287557,2.8457,0.011996
USA,17.55,-158.31,333287557,2.8457,0.011996
USA,17.55,-158.31,333287557,2.8457,0.011996
USA,17.55,-158.31,333287557,2.8457,0.011996
USA,17.55,-158.31,333287557,2.8457,0.011996
USA,17.55,-158.31,333287557,2.8457,0.011996
USA,17.55,-158.31,333287557,2.8457,0.011996
USA,17.55,-158.31,333287557,2.8457,0.011996
USA,17.55,-158.31,333287557,2.8457,0.011996
USA,17.55,-158.31,333287557,2.8457,0.011996
USA,17.55,-158.31,333287557,2.8457,0.011996
USA,17.55,-158.31,333287557,2.8457,0.011996
USA,17.55,-158.31,333287557,2.8457,0.011996
CHL,-57.7642,-67.0034,19603733,1.852,0.011947
PHL,20.992222,123.971667,115559009,2.0071,0.01194
NZL,-39.9554,160.4171,5124100,8.3541,0.011881
ZAF,-34.49927,14.63222,59893885,3.5806,0.011877
AUS,-39.0414,142.41875,26005540,0.605,0.011847
FJI,-21.2832,173.5759,929766,1.0885,0.011834
GBR,57.054333,-6.4475,66971395,0.0383,0.011824
CAN,38.43,-64.51,38929902,5.1159,0.011788
BHS,26.18,-73.23,409984,2.3801,0.011784
PRI,29.3,-61.44,3221789,4.4324,0.011784
USA,32.43,-66.6,333287557,1.7203,0.011784
HTI,20.61,-73.42,11584996,0.3227,0.01178
PRI,22.7,-58.82,3221789,5.8158,0.01178
FJI,-22.513,-151.3205,929766,0.0424,0.011762
CAN,31.24,-57.41,38929902,7.325,0.011744
DOM,29.13,-65.1,11228821,3.128,0.011676
AUS,-37.8855,139.8236,26005540,0.4259,0.011654
MEX,-9.777533,-115.847833,127504125,17.3615,0.011654
PRI,22.9,-59.27,3221789,5.7746,0.011628
IDN,0.132333,129.943667,275501339,0.4121,0.01161
CAN,36.72,-60.33,38929902,6.1302,0.011544
AUS,-42.2972,148.9603,26005540,0.6032,0.011528
AUS,-10.7849,142.2847,26005540,0.0661,0.011522
CAN,34.7,-61.98,38929902,3.5431,0.01152
CAN,41.82,-64,38929902,2.1555,0.01152
HND,18.1,-83.08,10432860,1.0804,0.01152
PRI,27.9,-61.52,3221789,5.444,0.01152
PRI,26.96,-59.02,3221789,7.7986,0.01152
USA,40.98,-70.45,333287557,0.3679,0.01152
USA,41.41,-71.18,333287557,0.059,0.01152
USA,20.6,-154.81,333287557,0.744,0.01152
USA,24.12,-80.81,333287557,0.6304,0.011516
AUS,-27.148833,153.3505,26005540,0.0147,0.011513
CUB,23.98,-80.95,11212191,0.7154,0.011368
HND,16.67,-85.41,10432860,0.4417,0.011364
AUS,-13.63958,144.07703,26005540,0.4928,0.011252
USA,19.66,-157.2,333287557,0.9923,0.011248
USA,40.99,-70.67,333287557,0.2898,0.011228
PRI,25.67,-56,3221789,9.8507,0.011184
GBR,58.063667,-6.319667,66971395,0.0412,0.011177
PRI,16.41,-62.08,3221789,0.2784,0.011176
GBR,57.742,-2.098167,66971395,0.0372,0.011163
FJI,-21.28317,173.58103,929766,1.0837,0.011138
AUS,-33.1157,114.481,26005540,0.6496,0.011117
ARG,-54.8136,-68.3063,46234830,0.0068,0.011
ATA,-64.824,-63.4845,40,0.002,0.011
ATA,-64.54,-61.9986,40,0.0206,0.011
BRA,14.4667,-42.8333,215313498,13.2428,0.011
ESH,20.7311,-23.6322,4000,3.8175,0.011
ESH,19.225,-31.6067,4000,6.6123,0.011
ESH,20.3743,-26.7,4000,3.5471,0.011
ITA,38.8607,9.4305,58940425,0.2593,0.011
MAR,24.37,-31.7817,37457971,9.7217,0.011
MEX,2.333,-108.9,127504125,7.9549,0.011
MEX,2.9,-114.233,127504125,8.9237,0.011
MEX,1.9,-108.05,127504125,8.4626,0.011
SEN,18.2429,-29.1413,17316449,3.963,0.011
SUR,15.8,-51.1,618040,8.7353,0.011
TTO,11.2386,-59.6078,1531044,0.9178,0.011
USA,34.8478,-67.985,333287557,4.0132,0.011
USA,25.7248,-149.7316,333287557,7.9335,0.011
USA,28.4649,-141.808,333287557,15.7901,0.011
USA,48.1348,-122.8398,333287557,0.0068,0.011
USA,60.3735,-146.2318,333287557,0.0224,0.011
USA,60.4667,-148.399,333287557,0.0429,0.011
USA,37.6358,-76.4125,333287557,0.0119,0.011
USA,18.01,-156.72,333287557,1.3218,0.010888
JPN,32.515,141.008333,125124989,1.2368,0.010865
GBR,55.2215,-5.445167,66971395,0.1568,0.010857
AUS,-40.64098,155.8671,26005540,6.6698,0.010849
IDN,6.4225,88.7502,275501339,4.6937,0.01084
BHS,27.35,-78.3,409984,0.5667,0.010812
USA,41.38,-70.93,333287557,0.0324,0.010812
GBR,55.989333,-4.941667,66971395,0.003,0.01081
DOM,24.83,-71.23,11228821,2.9116,0.010804
BHS,24.46,-76.27,409984,0.2122,0.0108
BHS,24.75,-75.87,409984,0.1384,0.0108
BHS,29.44,-71.97,409984,5.8538,0.0108
BHS,25.78,-76.62,409984,0.2279,0.0108
BHS,23.92,-75.32,409984,0.2156,0.0108
BHS,25.85,-73.37,409984,2.0258,0.0108
BHS,25.17,-75.77,409984,0.3473,0.0108
BHS,26.1,-73.65,409984,2.1189,0.0108
BHS,26.79,-72.96,409984,3.043,0.0108
BHS,25.97,-72.22,409984,2.8902,0.0108
BHS,26.44,-79.02,409984,0.2093,0.0108
BHS,25.38,-74.65,409984,1.2221,0.0108
BHS,25.38,-74.65,409984,1.2221,0.0108
BHS,25.87,-73.68,409984,1.8958,0.0108
BHS,25.87,-73.68,409984,1.8958,0.0108
BHS,26.39,-72.55,409984,2.9492,0.0108
BHS,27.97,-71.74,409984,4.6955,0.0108
BHS,25.72,-75.47,409984,0.8739,0.0108
BHS,30.1,-75.95,409984,3.5811,0.0108
BHS,27.08,-76.52,409984,0.7704,0.0108
CAN,35.17,-58.58,38929902,6.6833,0.0108
CAN,42.43,-66.23,38929902,1.16,0.0108
CAN,43.13,-65.17,38929902,0.4399,0.0108
CAN,42.85,-66.22,38929902,0.8227,0.0108
CAN,42.18,-67.57,38929902,2.1157,0.0108
CAN,46.38,-56.82,38929902,0.6057,0.0108
CAN,32.35,-60.91,38929902,3.7377,0.0108
CAN,43.11,-64.37,38929902,0.859,0.0108
CAN,40.57,-66.53,38929902,2.9911,0.0108
CAN,43.55,-64.88,38929902,0.2206,0.0108
CAN,42.68,-62.55,38929902,2.0525,0.0108
CAN,34.6,-63.75,38929902,2.3974,0.0108
CAN,34.6,-63.75,38929902,2.3974,0.0108
CAN,40.65,-65.85,38929902,2.7809,0.0108
CAN,44.65,-59.35,38929902,0.7291,0.0108
CAN,40.09,-66.61,38929902,3.4735,0.0108
CAN,35.11,-64.23,38929902,2.7577,0.0108
CAN,41.44,-65.75,38929902,1.9858,0.0108
CAN,42.1,-67.37,38929902,2.0639,0.0108
CAN,44.39,-60.26,38929902,0.4487,0.0108
CAN,33.62,-60.78,38929902,4.0652,0.0108
CAN,35.03,-63.32,38929902,2.9691,0.0108
CUB,20.77,-73.77,11212191,0.1849,0.0108
CUB,24.14,-81.99,11212191,0.4332,0.0108
CUB,22.47,-74.47,11212191,0.1106,0.0108
CUB,20.95,-83.48,11212191,0.6563,0.0108
CUB,23.72,-81.55,11212191,0.5604,0.0108
CUB,23.67,-80.52,11212191,0.4643,0.0108
CUB,23.22,-74.77,11212191,0.2069,0.0108
CUB,24,-82.03,11212191,0.5596,0.0108
DOM,23.47,-69.83,11228821,2.3534,0.0108
DOM,25.25,-69.42,11228821,4.0829,0.0108
DOM,16.07,-72.82,11228821,1.9595,0.0108
DOM,22.62,-67.73,11228821,3.5807,0.0108
DOM,21.02,-68.55,11228821,1.7913,0.0108
DOM,23.3,-70.22,11228821,2.0085,0.0108
DOM,19.18,-69.09,11228821,0.1186,0.0108
DOM,25.17,-68.78,11228821,4.3508,0.0108
FJI,-16.32,-149.8,929766,0.7005,0.0108
HND,16.74,-83.72,10432860,0.6981,0.0108
HND,17.57,-84.33,10432860,0.4173,0.0108
HTI,18.8,-75.17,11584996,0.4074,0.0108
HTI,18.75,-74.7,11584996,0.3083,0.0108
HTI,19.98,-73,11584996,0.062,0.0108
JAM,17.12,-79.5,2827377,1.5947,0.0108
JAM,16.63,-79.49,2827377,1.9623,0.0108
JAM,16.87,-78.6,2827377,1.3003,0.0108
JAM,16.86,-80.17,2827377,2.2729,0.0108
JAM,18.39,-80.19,2827377,1.269,0.0108
JAM,17.72,-79.97,2827377,1.6846,0.0108
JAM,18.57,-76.75,2827377,0.2164,0.0108
JAM,18.04,-78.86,2827377,0.5321,0.0108
JAM,18.89,-79.21,2827377,0.9922,0.0108
JAM,17.11,-77.35,2827377,0.6173,0.0108
JAM,19.09,-79.22,2827377,0.8218,0.0108
MEX,17.73,-86.53,127504125,1.0785,0.0108
MEX,22.87,-109.94,127504125,0.0023,0.0108
MEX,23.28,-107.84,127504125,1.0309,0.0108
PRI,16.08,-62.2,3221789,0.4314,0.0108
PRI,17.23,-66.87,3221789,0.7017,0.0108
PRI,24.07,-58.13,3221789,7.3466,0.0108
PRI,24.07,-58.13,3221789,7.3466,0.0108
PRI,30.05,-64.53,3221789,2.219,0.0108
PRI,26.75,-61.78,3221789,6.2819,0.0108
PRI,26.62,-61.23,3221789,6.6723,0.0108
PRI,16.81,-60.17,3221789,0.9413,0.0108
PRI,24.84,-65.48,3221789,6.1888,0.0108
PRI,18.63,-59.64,3221789,2.3198,0.0108
PRI,17.6,-63.32,3221789,0.0727,0.0108
PRI,17.51,-63.67,3221789,0.4338,0.0108
PRI,22.4,-58.38,3221789,5.8063,0.0108
PRI,17.97,-59.03,3221789,2.5446,0.0108
PRI,23,-61.25,3221789,4.9075,0.0108
PRI,15.62,-62.03,3221789,0.4558,0.0108
PRI,17.35,-60.75,3221789,0.9567,0.0108
PRI,18.34,-60.34,3221789,1.5631,0.0108
PRI,21.04,-61.12,3221789,3.2901,0.0108
PRI,28.87,-59.78,3221789,5.9905,0.0108
PRI,22.1,-58.73,3221789,5.3592,0.0108
PRI,22.3,-56.52,3221789,6.9889,0.0108
PRI,21.61,-57.66,3221789,5.682,0.0108
PRI,15.6,-62.27,3221789,0.6728,0.0108
PRI,17,-65.25,3221789,0.7695,0.0108
TTO,13.12,-61.55,1531044,0.2863,0.0108
TTO,11.87,-61.33,1531044,0.3481,0.0108
TTO,13.17,-59.67,1531044,0.0233,0.0108
TTO,12.43,-60.13,1531044,0.8363,0.0108
USA,30.97,-69.62,333287557,4.9126,0.0108
USA,41.12,-71.53,333287557,0.0373,0.0108
USA,43.39,-68.81,333287557,0.6393,0.0108
USA,38.48,-67.45,333287557,3.7424,0.0108
USA,41.18,-70.93,333287557,0.1242,0.0108
USA,30.53,-64.93,333287557,1.7202,0.0108
USA,25.04,-79.91,333287557,0.452,0.0108
USA,38.6,-69.57,333287557,2.6742,0.0108
USA,31.46,-70.73,333287557,5.9016,0.0108
USA,24.22,-80.93,333287557,0.4919,0.0108
USA,31.14,-66.25,333287557,1.771,0.0108
USA,32.31,-63.7,333287557,0.9494,0.0108
USA,31.17,-67.1,333287557,2.4755,0.0108
USA,42.99,-70.48,333287557,0.2081,0.0108
USA,33.25,-64.64,333287557,0.8621,0.0108
USA,35.48,-68.73,333287557,4.9902,0.0108
USA,35.52,-66.75,333287557,3.719,0.0108
USA,29.96,-68.44,333287557,4.2402,0.0108
USA,32.67,-64.48,333287557,0.3429,0.0108
USA,42.67,-69.32,333287557,0.9649,0.0108
USA,40.45,-69.42,333287557,0.9688,0.0108
USA,25.01,-83.51,333287557,1.4266,0.0108
USA,40.67,-71.23,333287557,0.5781,0.0108
USA,40.72,-68.28,333287557,1.7674,0.0108
USA,25.88,-79.73,333287557,0.3925,0.0108
USA,24.77,-80.2,333287557,0.3945,0.0108
USA,25.35,-82.58,333287557,0.8716,0.0108
USA,33.27,-66.01,333287557,1.4858,0.0108
USA,25.35,-79.81,333287557,0.3992,0.0108
USA,30.57,-69.7,333287557,5.1089,0.0108
USA,40.69,-71.12,333287557,0.6306,0.0108
USA,41.78,-68.47,333287557,1.4558,0.0108
USA,32.44,-76.23,333287557,2.17,0.0108
USA,31.75,-69.47,333287557,4.6148,0.0108
USA,42.4,-70.44,333287557,0.2822,0.0108
USA,40.82,-68.47,333287557,1.556,0.0108
USA,42.87,-69.59,333287557,0.8618,0.0108
USA,40.26,-70.83,333287557,0.9882,0.0108
USA,12.95,-156.94,333287557,6.089,0.0108
USA,11.44,-156.82,333287557,7.478,0.0108
USA,29.98,-140,333287557,18.1396,0.0108
USA,18.97,-143.47,333287557,11.3567,0.0108
USA,20.57,-154.86,333287557,0.6923,0.0108
USA,18.46,-157.58,333287557,1.7835,0.0108
USA,18.97,-143.47,333287557,11.3567,0.0108
USA,20.57,-154.86,333287557,0.6923,0.0108
USA,18.46,-157.58,333287557,1.7835,0.0108
USA,18.97,-143.47,333287557,11.3567,0.0108
USA,20.57,-154.86,333287557,0.6923,0.0108
USA,18.46,-157.58,333287557,1.7835,0.0108
USA,18.97,-143.47,333287557,11.3567,0.0108
USA,20.57,-154.86,333287557,0.6923,0.0108
USA,18.46,-157.58,333287557,1.7835,0.0108
USA,18.97,-143.47,333287557,11.3567,0.0108
USA,20.57,-154.86,333287557,0.6923,0.0108
USA,18.46,-157.58,333287557,1.7835,0.0108
USA,18.97,-143.47,333287557,11.3567,0.0108
USA,20.57,-154.86,333287557,0.6923,0.0108
USA,18.46,-157.58,333287557,1.7835,0.0108
USA,18.97,-143.47,333287557,11.3567,0.0108
USA,20.57,-154.86,333287557,0.6923,0.0108
USA,18.46,-157.58,333287557,1.7835,0.0108
USA,18.97,-143.47,333287557,11.3567,0.0108
USA,20.57,-154.86,333287557,0.6923,0.0108
USA,18.46,-157.58,333287557,1.7835,0.0108
USA,18.97,-143.47,333287557,11.3567,0.0108
USA,20.57,-154.86,333287557,0.6923,0.0108
USA,18.46,-157.58,333287557,1.7835,0.0108
USA,18.97,-143.47,333287557,11.3567,0.0108
USA,20.57,-154.86,333287557,0.6923,0.0108
USA,18.46,-157.58,333287557,1.7835,0.0108
USA,18.97,-143.47,333287557,11.3567,0.0108
USA,20.57,-154.86,333287557,0.6923,0.0108
USA,18.46,-157.58,333287557,1.7835,0.0108
USA,18.97,-143.47,333287557,11.3567,0.0108
USA,20.57,-154.86,333287557,0.6923,0.0108
USA,18.46,-157.58,333287557,1.7835,0.0108
USA,18.97,-143.47,333287557,11.3567,0.0108
USA,20.57,-154.86,333287557,0.6923,0.0108
USA,18.46,-157.58,333287557,1.7835,0.0108
USA,18.97,-143.47,333287557,11.3567,0.0108
USA,20.57,-154.86,333287557,0.6923,0.0108
USA,18.46,-157.58,333287557,1.7835,0.0108
USA,18.97,-143.47,333287557,11.3567,0.0108
USA,20.57,-154.86,333287557,0.6923,0.0108
USA,18.46,-157.58,333287557,1.7835,0.0108
USA,18.97,-143.47,333287557,11.3567,0.0108
USA,20.57,-154.86,333287557,0.6923,0.0108
USA,18.46,-157.58,333287557,1.7835,0.0108
USA,18.97,-143.47,333287557,11.3567,0.0108
USA,20.57,-154.86,333287557,0.6923,0.0108
USA,18.46,-157.58,333287557,1.7835,0.0108
VEN,14.17,-66.37,28301696,2.3253,0.0108
VEN,12.39,-63.05,28301696,1.316,0.0108
VEN,13.1,-69.98,28301696,0.4729,0.0108
BHS,25.65,-76.42,409984,0.271,0.010796
HND,17.25,-85.62,10432860,0.7684,0.010796
PRI,16.72,-63.62,3221789,0.9727,0.010796
TTO,16.62,-59.15,1531044,1.8595,0.010796
USA,40.85,-70.62,333287557,0.4376,0.010796
USA,38.2,-68.85,333287557,3.2476,0.010796
USA,38.08,-68.59,333287557,3.4557,0.010796
USA,42.13,-70.15,333287557,0.0485,0.010796
AUS,-39.03912,142.40607,26005540,0.6099,0.010705
AUS,-20.3401,148.841567,26005540,0.0035,0.010693
JAM,18.77,-76.27,2827377,0.6035,0.010668
USA,26.24,-165.56,333287557,2.7278,0.010636
GRL,60.862833,-42.125,56661,0.5003,0.010615
JPN,20.993056,146.459444,125124989,1.5268,0.01056
PRI,24.75,-56.32,3221789,8.922,0.010532
JPN,34.503333,138.508333,125124989,0.2858,0.010514
AUS,-37.8764,139.8181,26005540,0.423,0.01047
IDN,6.4692,89.3732,275501339,4.1075,0.010411
USA,40.41,-70.64,333287557,0.8535,0.010408
JAM,17.54,-79.76,2827377,1.5597,0.010384
USA,35.62,-65.95,333287557,3.4734,0.010368
AUS,-42.8277,148.448,26005540,0.3259,0.010323
GBR,56.475833,-1.535,66971395,0.7853,0.010315
GBR,57.047,-2.026833,66971395,0.0654,0.010299
GBR,57.758667,-3.385333,66971395,0.0359,0.010294
DOM,19.94,-69.75,11228821,0.3255,0.010284
PRI,17.92,-59.75,3221789,2.003,0.010284
USA,24.49,-81.24,333287557,0.1695,0.010264
USA,50.588167,-142.87925,333287557,9.3767,0.010227
CHL,-32.8038,-86.2393,19603733,5.5407,0.01022
NZL,-40.0599,160.1041,5124100,8.5284,0.010144
DOM,27.32,-69.39,11228821,5.9338,0.01008
GBR,55.948,-4.891,66971395,0.0214,0.010047
JPN,34.5,139.998333,125124989,0.4137,0.010045
FJI,-21.2887,173.5634,929766,1.0982,0.010026
GBR,56.046,-2.880333,66971395,0.0179,0.010026
HND,17.21,-84.32,10432860,0.4325,0.010016
ARG,-35.9813,-56.7702,46234830,0.3221,0.01
ARG,-54.8064,-64.3692,46234830,0.0021,0.01
BLZ,17.3211,-87.7892,405272,0.0134,0.01
BLZ,16.7199,-87.7875,405272,0.4704,0.01
BRA,17.4406,-38.8894,215313498,13.5345,0.01
CAN,49.4856,-124.3535,38929902,0.0035,0.01
CHL,-54.941,-69.157,19603733,0.0062,0.01
DZA,37.533,5.7742,44903225,0.6998,0.01
ESH,19.0945,-23.1612,4000,2.2469,0.01
ESH,20.8727,-34.7584,4000,10.1428,0.01
ESH,22.89,-38.7475,4000,14.6021,0.01
ESH,20.9115,-35.971,4000,11.2893,0.01
ESH,19.8482,-35.1352,4000,10.166,0.01
ESH,21.0698,-37.076,4000,12.3843,0.01
ESH,19.6197,-21.3728,4000,3.1648,0.01
ESP,36.2787,-4.8408,47778340,0.2219,0.01
GNB,9.8155,-20.3622,2105566,4.2829,0.01
ISL,66.0178,-23.4483,382003,0.007,0.01
ISL,51.4031,-30.1821,382003,11.7122,0.01
ITA,41.0625,17.7345,58940425,0.295,0.01
ITA,38.1942,13.9156,58940425,0.1669,0.01
JPN,34.408,133.203,125124989,0.0357,0.01
MAR,25.0063,-17.5167,37457971,2.0001,0.01
MAR,24.5338,-24.4956,37457971,7.0924,0.01
MAR,22.6187,-26.3271,37457971,5.5586,0.01
MAR,25.0864,-18.4138,37457971,2.5901,0.01
MAR,25.1665,-17.8353,37457971,2.3517,0.01
MEX,21.2212,-86.7325,127504125,0.0058,0.01
MEX,21.8264,-108.0153,127504125,1.3287,0.01
MEX,15.7637,-96.0944,127504125,0.0003,0.01
NIC,12.478,-87.261,6948392,0.0669,0.01
PRI,25.212,-63.6839,3221789,6.497,0.01
PRI,18.3167,-64,3221789,0.3798,0.01
PRI,16.9754,-61.7814,3221789,0.0345,0.01
SEN,17.2708,-24.5118,17316449,0.4877,0.01
SEN,16.7583,-30.1233,17316449,4.7721,0.01
TTO,13.8283,-58.9175,1531044,0.8358,0.01
TTO,15.8642,-53.9813,1531044,6.0799,0.01
TTO,13.56,-59.02,1531044,0.5688,0.01
TTO,14.7201,-58.9304,1531044,1.5355,0.01
USA,37.8014,-76.2905,333287557,0.009,0.01
USA,36.2733,-73.1033,333287557,2.4397,0.01
USA,28.4649,-141.808,333287557,15.7901,0.01
USA,32.4511,-65.8358,333287557,0.9646,0.01
USA,60.2129,-147.1716,333287557,0.0416,0.01
USA,37.6772,-76.3275,333287557,0.0013,0.01
USA,38.8592,-76.5101,333287557,0.0153,0.01
USA,41.7463,-124.1842,333287557,0.0005,0.01
USA,31.6,-128.783,333287557,8.3374,0.01
ZAF,-34.6,21.2,59893885,0.1889,0.01
NLD,52.873333,4.644667,17700982,0.0621,0.009999
GBR,56.07,-2.566167,66971395,0.0439,0.009988
CAN,43.11,-64.37,38929902,0.859,0.009968
PRI,16.48,-62.25,3221789,0.2098,0.009968
USA,32.18,-63.98,333287557,0.6937,0.009968
GBR,56.009667,-3.157167,66971395,0.0387,0.009966
GBR,54.647333,-3.940333,66971395,0.1268,0.009957
USA,34.08,-65.31,333287557,1.8062,0.009952
GBR,55.947667,-2.040333,66971395,0.0874,0.00992
GBR,56.381167,-2.523667,66971395,0.1108,0.009888
JPN,33.495,140,125124989,0.4112,0.00987
AUS,-41.1361,152.2775,26005540,3.8585,0.009826
CAN,42.86,-67.39,38929902,1.5457,0.00982
USA,31.83,-64.78,333287557,0.4216,0.00982
CAN,31.9,-57.12,38929902,7.5422,0.009816
CAN,37.73,-64.9,38929902,5.346,0.009816
BRA,-18.615,-26.1638,215313498,3.3105,0.009734
PER,-25.2705,-123.2543,34049588,1.6369,0.009734
PRI,20.18,-59.47,3221789,3.3924,0.009728
AUS,-35.4797,132.1763,26005540,2.8599,0.009719
GBR,56.799167,1.650167,66971395,3.1935,0.009711
GBR,56.385,-6.797,66971395,0.1033,0.009662
AUS,-15.21086,123.32366,26005540,0.9833,0.009644
GBR,57.965833,-5.779833,66971395,0.0964,0.009605
USA,35.83,-66.02,333287557,3.6944,0.009604
AUS,-15.20236,123.33308,26005540,0.9889,0.0096
COL,13.8,-72.48,51874024,1.5482,0.0096
CUB,24.44,-82.89,11212191,0.7598,0.0096
DOM,20.22,-70.42,11228821,0.4363,0.0096
PRI,21.82,-58.78,3221789,5.102,0.0096
PRI,21.11,-60.02,3221789,3.8398,0.0096
PRI,19.99,-65.14,3221789,1.4442,0.0096
PRI,16.19,-61.86,3221789,0.0767,0.0096
TTO,12.23,-61.73,1531044,0.041,0.0096
USA,40.48,-70.81,333287557,0.768,0.0096
USA,36.78,-65.62,333287557,4.4916,0.0096
USA,32.6,-77.15,333287557,1.4932,0.0096
VEN,12.08,-68.42,28301696,0.1349,0.0096
ZAF,-36.02685,23.358483,59893885,1.9175,0.009596
USA,56.784667,-145.950083,333287557,2.6557,0.009593
CUB,24.53,-83.46,11212191,1.3158,0.00958
GBR,55.881667,-5.065667,66971395,0.0153,0.009555
GBR,56.072333,-2.969833,66971395,0.1033,0.009525
AUS,-35.31775,118.61052,26005540,0.4673,0.009509
JAM,17.22,-77.6,2827377,0.6278,0.00948
USA,40.34,-70.84,333287557,0.9085,0.00948
ZAF,-35.01661,12.4497,59893885,5.7972,0.009465
GBR,56.118667,-2.609833,66971395,0.065,0.009461
FJI,-21.28522,173.56815,929766,1.095,0.009435
IDN,6.4712,89.3815,275501339,4.0991,0.009421
HTI,15.77,-74.08,11584996,2.2656,0.009392
USA,31.82,-66.15,333287557,1.3452,0.009392
DEU,54.633667,10.046167,83797985,0.009,0.009389
BHS,29.13,-68.9,409984,5.0964,0.009388
BHS,25.98,-76.2,409984,0.6363,0.009388
USA,41.18,-68.37,333287557,1.5906,0.009388
CHL,-39.6298,-76.9828,19603733,3.2857,0.009383
GBR,56.075167,-6.454667,66971395,0.1886,0.009373
ATA,-65.97295,158.991,40,3.3122,0.00931
PNG,-10.7295,150.388333,10142619,0.0458,0.009309
USA,12.95,-156.94,333287557,6.089,0.009292
AUS,-24.9128,155.2055,26005540,1.8346,0.009288
BHS,24,-74.68,409984,0.1282,0.00926
CAN,44.55,-61.4,38929902,0.5883,0.00926
PRI,22.6,-60,3221789,5.2074,0.00926
HTI,16.8,-74.29,11584996,1.2935,0.009256
PRI,27.35,-58.77,3221789,7.7231,0.009256
USA,42.86,-69.74,333287557,0.8303,0.009256
USA,42.6,-69.42,333287557,0.8439,0.009256
USA,20.61,-155,333287557,0.654,0.009256
JAM,17.68,-80.64,2827377,1.6814,0.009244
PER,-23.987333,-120.3685,34049588,4.4625,0.009207
AUS,-14.2834,124.7901,26005540,0.3871,0.009196
NCL,-26.3028,166.9834,269220,2.855,0.00912
NCL,-22.6026,172.0898,269220,2.6634,0.009117
AGO,-16.43465,0.87923,35588987,6.5477,0.009099
CAN,45.68,-132.29,38929902,6.241,0.009076
USA,19.8962,-155.9993,333287557,0.0524,0.009072
ARG,-37.7411,-56.5299,46234830,0.6201,0.009
ARG,-54.9174,-65.9862,46234830,0.0038,0.009
BHS,27.51,-69.33,409984,6.1313,0.009
BHS,25.1234,-76.8331,409984,0.3069,0.009
BHS,26.8408,-77.3893,409984,0.0587,0.009
BLZ,17.3105,-87.8011,405272,0.0026,0.009
CAN,43.95,-57.26,38929902,2.448,0.009
CAN,50.1667,-125.3352,38929902,0.0052,0.009
FLK,-54.1567,-36.7097,2840,0.0068,0.009
GBR,56.0086,-3.3936,66971395,0.0152,0.009
IDN,7.1033,134.2385,275501339,0.0438,0.009
ISL,69.0302,-16.62,382003,2.516,0.009
JPN,30.769,130.32,125124989,0.3103,0.009
MAR,25.9666,-19.9069,37457971,2.4765,0.009
MAR,33.0612,-16.3139,37457971,0.0048,0.009
MEX,18.97,-85.53,127504125,1.7428,0.009
PRI,17.92,-59.75,3221789,2.003,0.009
SEN,16.107,-32.279,17316449,6.9833,0.009
SEN,18.885,-35.8504,17316449,10.6484,0.009
SEN,16.8575,-25.3017,17316449,0.06,0.009
TTO,12.9,-61.8,1531044,0.4522,0.009
TTO,17.0717,-53.8258,1531044,6.8316,0.009
TTO,14.9701,-57.9854,1531044,2.2942,0.009
TTO,13.6363,-55.4698,1531044,3.9856,0.009
USA,36.4294,-70.2493,333287557,4.8148,0.009
USA,41.4793,-71.3283,333287557,0.006,0.009
USA,23.6348,-154.91,333287557,3.005,0.009
USA,24.8516,-152.3562,333287557,5.4499,0.009
USA,44.5339,-67.8735,333287557,0.0005,0.009
USA,57.175,-133.1069,333287557,0.0311,0.009
USA,60.991,-147.587,333287557,0.0239,0.009
USA,38.8211,-76.4317,333287557,0.0605,0.009
USA,32.5597,-118.1644,333287557,0.3192,0.009
USA,36.2544,-126.7121,333287557,4.0016,0.009
USA,36.5987,-125.8362,333287557,3.1359,0.009
USA,36.813,-124.5854,333287557,1.9553,0.009
RUS,74.13776,156.12195,144236933,2.9761,0.008999
RUS,74.54017,129.11215,144236933,1.3413,0.008999
IDN,6.8548,94.8627,275501339,0.9386,0.008997
NCL,-26.293,167.0018,269220,2.8582,0.008996
GBR,55.854167,-5.0345,66971395,0.0173,0.008921
MDG,-13.084833,48.479167,29611714,0.198,0.008908
GBR,60.8605,-0.762333,66971395,0.0286,0.008901
DOM,24.1,-71.87,11228821,1.961,0.008896
NCL,-27.5323,165.1923,269220,3.0961,0.008896
NCL,-26.289,167.0086,269220,2.8598,0.008894
FJI,-17.902,-145.985833,929766,0.6597,0.008893
TTO,16.13,-58.47,1531044,2.5285,0.008884
AUS,-37.608,150.4028,26005540,0.4322,0.008872
GBR,57.7235,-3.691333,66971395,0.0693,0.008867
USA,13.69,-156.87,333287557,5.3513,0.008864
JPN,34.501667,139.01,125124989,0.1454,0.008854
AUS,-41.8951,148.4559,26005540,0.1306,0.008853
NCL,-25.0757,168.7064,269220,2.6874,0.00883
PHL,11.501167,123.734167,115559009,0.209,0.008802
NCL,-27.5442,165.1843,269220,3.0975,0.008799
GBR,58.255,-6.050667,66971395,0.1001,0.008777
USA,41.36,-71.23,333287557,0.1173,0.008744
AUS,-24.9075,155.20875,26005540,1.8382,0.008743
GBR,56.6035,-2.036333,66971395,0.3253,0.008704
PRI,17.54,-61.23,3221789,0.5001,0.0087
USA,26.59,-156.82,333287557,5.0145,0.008696
NZL,-39.3162,163.5735,5124100,6.6975,0.008648
USA,42.73,-70.48,333287557,0.1348,0.008648
CUB,23.5,-84.06,11212191,0.7722,0.008644
BHS,24.78,-74.37,409984,0.6431,0.00864
BHS,24.83,-74.42,409984,0.6875,0.00864
BHS,26.32,-78.17,409984,0.3086,0.00864
BHS,26.32,-78.17,409984,0.3086,0.00864
BHS,25.92,-77.53,409984,0.1637,0.00864
BHS,24.13,-76.12,409984,0.2441,0.00864
BHS,26.2,-78.47,409984,0.351,0.00864
BHS,26.95,-73.99,409984,2.7978,0.00864
BHS,24.78,-75.63,409984,0.111,0.00864
BHS,23.63,-74.93,409984,0.0309,0.00864
BHS,28.33,-76.42,409984,1.8232,0.00864
BHS,30.01,-74.39,409984,4.3842,0.00864
BHS,24.05,-74.63,409984,0.1027,0.00864
BHS,27.01,-79.5,409984,0.5716,0.00864
BHS,25.65,-76.08,409984,0.4119,0.00864
BHS,25.18,-75.02,409984,0.8086,0.00864
BHS,25.95,-72.9,409984,2.3873,0.00864
BHS,25.75,-77.27,409984,0.1419,0.00864
BHS,23.93,-75.5,409984,0.1964,0.00864
BHS,25.93,-73.38,409984,2.0885,0.00864
BHS,29.77,-68.67,409984,4.5366,0.00864
BHS,25.78,-73.48,409984,1.9084,0.00864
BHS,26.68,-79.22,409984,0.2231,0.00864
BHS,29.82,-73.46,409984,4.8765,0.00864
CAN,34.87,-57.38,38929902,7.6862,0.00864
CAN,33.53,-61.62,38929902,3.2429,0.00864
CAN,42.32,-62.58,38929902,2.3606,0.00864
CAN,35.48,-63.33,38929902,3.3717,0.00864
CAN,30.99,-60.86,38929902,4.0306,0.00864
CAN,46.2,-58.98,38929902,0.7287,0.00864
CAN,43.55,-64.88,38929902,0.2206,0.00864
CAN,41.32,-66.1,38929902,2.1542,0.00864
CAN,33.2,-60.55,38929902,4.1812,0.00864
CAN,41.88,-63.56,38929902,2.3317,0.00864
CAN,46.62,-56.35,38929902,0.161,0.00864
CAN,31.73,-63.11,38929902,1.6648,0.00864
CAN,37.99,-63.15,38929902,5.8055,0.00864
CAN,39.62,-66.49,38929902,3.84,0.00864
CAN,35.15,-61.73,38929902,4.0312,0.00864
CAN,39.01,-64.7,38929902,4.5088,0.00864
CRI,8.45,-85.33,5180829,1.1256,0.00864
CUB,24.31,-82.12,11212191,0.241,0.00864
CUB,20.42,-73.73,11212191,0.4465,0.00864
CUB,23.42,-74.63,11212191,0.2983,0.00864
CUB,23.37,-74.62,11212191,0.3442,0.00864
CUB,24.14,-81.99,11212191,0.4332,0.00864
CUB,21.21,-84.68,11212191,0.5827,0.00864
CUB,23.98,-73.02,11212191,1.0942,0.00864
CUB,21.63,-76.23,11212191,0.3772,0.00864
CUB,23.47,-73.92,11212191,0.3804,0.00864
CUB,23.97,-81.97,11212191,0.5933,0.00864
CUB,24.28,-82.18,11212191,0.2757,0.00864
CUB,23.94,-81.9,11212191,0.6086,0.00864
CUB,24.36,-82.39,11212191,0.3235,0.00864
CUB,24.14,-81.98,11212191,0.4352,0.00864
DOM,25.25,-69.42,11228821,4.0829,0.00864
DOM,27.52,-68.88,11228821,6.2029,0.00864
DOM,24.62,-69.42,11228821,3.5499,0.00864
DOM,17.02,-70.05,11228821,1.2175,0.00864
DOM,21.17,-68.83,11228821,1.8507,0.00864
DOM,19.28,-68.65,11228821,0.3275,0.00864
DOM,15.45,-70.82,11228821,2.2108,0.00864
DOM,25.5,-68.03,11228821,5.0548,0.00864
DOM,21.08,-68.58,11228821,1.836,0.00864
DOM,25.32,-68.45,11228821,4.6599,0.00864
DOM,22.15,-69.15,11228821,2.0849,0.00864
DOM,22.1,-69.2,11228821,2.022,0.00864
DOM,15.55,-71.17,11228821,2.0268,0.00864
DOM,19.89,-70.1,11228821,0.2193,0.00864
DOM,21.62,-69.46,11228821,1.6748,0.00864
HND,16.18,-86.1,10432860,0.1751,0.00864
HND,17.57,-85.97,10432860,1.0595,0.00864
HND,16.41,-84.65,10432860,0.518,0.00864
HTI,20.59,-72,11584996,0.7633,0.00864
HTI,17.58,-74.16,11584996,0.5253,0.00864
HTI,19.4,-73.99,11584996,0.5977,0.00864
JAM,18.02,-79.13,2827377,0.7932,0.00864
JAM,16.98,-80.38,2827377,2.3764,0.00864
JAM,17.58,-79.45,2827377,1.2697,0.00864
JAM,17.15,-77.87,2827377,0.7184,0.00864
JAM,16.89,-80.38,2827377,2.4256,0.00864
JAM,18.44,-75.76,2827377,0.646,0.00864
JAM,18.93,-76.75,2827377,0.5405,0.00864
JAM,19.13,-77.2,2827377,0.6745,0.00864
JAM,18.88,-77.67,2827377,0.3788,0.00864
JAM,17.67,-76.63,2827377,0.1995,0.00864
JAM,17.57,-76.65,2827377,0.3013,0.00864
JAM,17.63,-76.68,2827377,0.2499,0.00864
JAM,19.04,-78.39,2827377,0.6161,0.00864
JAM,17.56,-75.34,2827377,0.8966,0.00864
JAM,18.94,-75.84,2827377,0.9359,0.00864
MEX,-5.98,-111.97,127504125,16.4927,0.00864
PRI,15.55,-62.17,3221789,0.6121,0.00864
PRI,26.1,-57.6,3221789,9.3837,0.00864
PRI,22.98,-58.13,3221789,6.4242,0.00864
PRI,17.43,-59.02,3221789,2.2477,0.00864
PRI,24.9,-58.1,3221789,8.0878,0.00864
PRI,23.47,-58.37,3221789,6.7076,0.00864
PRI,17.8,-59.43,3221789,2.1317,0.00864
PRI,28.43,-60.28,3221789,5.8751,0.00864
PRI,17.35,-60.2,3221789,1.2768,0.00864
PRI,18.03,-64.2,3221789,0.4505,0.00864
PRI,18.02,-64.18,3221789,0.4608,0.00864
PRI,17.92,-63.97,3221789,0.6111,0.00864
PRI,16.77,-62.83,3221789,0.3989,0.00864
PRI,18.32,-59.67,3221789,2.1765,0.00864
PRI,17.86,-59.49,3221789,2.1304,0.00864
PRI,21.4,-59.45,3221789,4.3779,0.00864
PRI,15.9,-62.75,3221789,0.9068,0.00864
PRI,17.52,-64.6,3221789,0.2092,0.00864
PRI,17.3,-64.4,3221789,0.4789,0.00864
PRI,26.97,-58.23,3221789,8.3809,0.00864
PRI,15.62,-62.03,3221789,0.4558,0.00864
PRI,15.32,-62.13,3221789,0.6764,0.00864
PRI,21.2,-59.73,3221789,4.0615,0.00864
PRI,15.17,-63.26,3221789,0.6447,0.00864
PRI,26.5,-58.03,3221789,8.839,0.00864
PRI,22.76,-57.59,3221789,6.5739,0.00864
PRI,20.91,-58.99,3221789,4.2569,0.00864
PRI,29.18,-58.51,3221789,6.9153,0.00864
PRI,29.18,-58.51,3221789,6.9153,0.00864
PRI,29.18,-58.51,3221789,6.9153,0.00864
PRI,26.17,-56.82,3221789,9.8207,0.00864
PRI,27.6,-59.09,3221789,7.3174,0.00864
PRI,22.86,-59.8,3221789,5.5221,0.00864
PRI,17.91,-63.18,3221789,0.1493,0.00864
TTO,16.55,-58.67,1531044,2.3282,0.00864
TTO,14.79,-61.53,1531044,0.3029,0.00864
USA,35.18,-65.78,333287557,3.0017,0.00864
USA,42.61,-68.19,333287557,1.474,0.00864
USA,41.3,-68.79,333287557,1.168,0.00864
USA,44.17,-68.08,333287557,0.1595,0.00864
USA,37.62,-67.37,333287557,4.463,0.00864
USA,25.72,-79.33,333287557,0.0288,0.00864
USA,26.31,-79.6,333287557,0.4742,0.00864
USA,26.31,-79.6,333287557,0.4742,0.00864
USA,24.33,-81.85,333287557,0.2155,0.00864
USA,43.05,-70.48,333287557,0.1725,0.00864
USA,42.46,-70.59,333287557,0.1555,0.00864
USA,38.95,-71.33,333287557,2.1665,0.00864
USA,24.53,-81.81,333287557,0.013,0.00864
USA,28.09,-79.97,333287557,0.5146,0.00864
USA,41.11,-71.15,333287557,0.3499,0.00864
USA,34.68,-66.58,333287557,2.9205,0.00864
USA,35.09,-65.58,333287557,2.8486,0.00864
USA,41.08,-70.9,333287557,0.1873,0.00864
USA,41.07,-70.62,333287557,0.2545,0.00864
USA,40.42,-67.55,333287557,2.5553,0.00864
USA,40.93,-70.42,333287557,0.398,0.00864
USA,40.93,-70.42,333287557,0.398,0.00864
USA,40.57,-70.6,333287557,0.7075,0.00864
USA,40.99,-71.54,333287557,0.1621,0.00864
USA,42.52,-68.07,333287557,1.5969,0.00864
USA,35.55,-65.62,333287557,3.2992,0.00864
USA,28.45,-80.03,333287557,0.4987,0.00864
USA,36.35,-66.4,333287557,4.3202,0.00864
USA,36.37,-66.41,333287557,4.3425,0.00864
USA,36.41,-66.43,333287557,4.3872,0.00864
USA,31.27,-63.55,333287557,1.546,0.00864
USA,36.54,-65.76,333287557,4.2905,0.00864
USA,26.79,-79.83,333287557,0.2084,0.00864
USA,31.36,-71.43,333287557,5.6442,0.00864
USA,39.87,-68.24,333287557,2.2104,0.00864
USA,42.39,-68.5,333287557,1.5278,0.00864
USA,40.3,-69.74,333287557,0.9749,0.00864
USA,42.32,-70.27,333287557,0.2415,0.00864
USA,42.8,-69.61,333287557,0.8786,0.00864
USA,37.25,-74.35,333287557,1.1684,0.00864
USA,40.71,-70.86,333287557,0.5403,0.00864
USA,41.13,-71.26,333287557,0.2864,0.00864
USA,19.95,-156.16,333287557,0.2057,0.00864
USA,14.12,-157.12,333287557,4.9996,0.00864
USA,33.47,-151.63,333287557,13.3163,0.00864
USA,33.47,-151.63,333287557,13.3163,0.00864
USA,33.47,-151.63,333287557,13.3163,0.00864
USA,33.47,-151.63,333287557,13.3163,0.00864
USA,33.47,-151.63,333287557,13.3163,0.00864
USA,33.47,-151.63,333287557,13.3163,0.00864
USA,33.47,-151.63,333287557,13.3163,0.00864
USA,33.47,-151.63,333287557,13.3163,0.00864
USA,33.47,-151.63,333287557,13.3163,0.00864
USA,33.47,-151.63,333287557,13.3163,0.00864
USA,33.47,-151.63,333287557,13.3163,0.00864
USA,33.47,-151.63,333287557,13.3163,0.00864
USA,33.47,-151.63,333287557,13.3163,0.00864
USA,33.47,-151.63,333287557,13.3163,0.00864
USA,33.47,-151.63,333287557,13.3163,0.00864
USA,33.47,-151.63,333287557,13.3163,0.00864
USA,33.47,-151.63,333287557,13.3163,0.00864
VEN,13.65,-62.47,28301696,1.2524,0.00864
VEN,10.88,-63.73,28301696,0.1101,0.00864
VEN,11.97,-68.07,28301696,0.1755,0.00864
VEN,11.98,-68.22,28301696,0.0477,0.00864
VEN,12.2,-69.81,28301696,0.1193,0.00864
VEN,12.81,-64.41,28301696,0.932,0.00864
VEN,14.63,-70.28,28301696,2.0112,0.00864
VEN,11.32,-63.3,28301696,0.5771,0.00864
VEN,12.1,-63.08,28301696,1.2205,0.00864
VEN,13.06,-62.64,28301696,1.2679,0.00864
PRT,36.994833,-8.020667,10409704,0.0272,0.008632
JPN,32,139,125124989,0.8813,0.008611
GBR,56.0065,-3.2035,66971395,0.0334,0.008601
GBR,57.129167,-1.9935,66971395,0.0568,0.008584
NCL,-26.29975,166.9894,269220,2.8559,0.008581
CUB,19.19,-84.56,11212191,1.8763,0.008576
GBR,56.136333,-3.024667,66971395,0.0325,0.008567
CAN,35.73,-64.37,38929902,3.3553,0.008556
CHL,-30.096667,-80.845833,19603733,3.59,0.008553
DOM,24.15,-68.34,11228821,3.8445,0.008528
GBR,56.576167,-1.867333,66971395,0.4606,0.008518
GBR,55.9565,-4.7595,66971395,0.0063,0.00849
MEX,15.78,-98.47,127504125,0.495,0.008468
JPN,33.5,139.508333,125124989,0.2575,0.008458
USA,41.46,-70.76,333287557,0.0049,0.008428
GBR,56.913667,-2.123,66971395,0.0634,0.008418
USA,32.22,-69.22,333287557,4.3345,0.008416
AUS,-37.88047,139.82037,26005540,0.4244,0.008379
HTI,20.31,-72.45,11584996,0.3501,0.008376
NCL,-27.5269,165.19595,269220,3.0955,0.008372
JPN,32.001667,141.001667,125124989,1.1071,0.008353
GBR,58.169833,-3.324,66971395,0.109,0.008347
ZAF,-37.927117,24.757867,59893885,3.7221,0.008346
AUS,-41.89778,148.44818,26005540,0.1226,0.00833
CAN,34.75,-58.3,38929902,6.7798,0.008312
DOM,24.79,-71.14,11228821,2.9263,0.008308
USA,40.48,-69.35,333287557,0.9864,0.008308
VEN,11.35,-66.52,28301696,0.4261,0.008308
PHL,10.548833,119.044167,115559009,0.0892,0.008303
USA,49.546417,-146.00175,333287557,9.8701,0.008299
PER,-26.5353,-114.8312,34049588,5.4169,0.008287
AUS,-39.03532,142.39347,26005540,0.6135,0.008259
TTO,14.74,-59.66,1531044,1.182,0.00824
VEN,13.5,-63.35,28301696,2.033,0.008232
PRI,15.9,-62.75,3221789,0.9068,0.008228
NCL,-27.55053,165.18007,269220,3.0982,0.008204
LKA,5.8953,85.0038,22181000,3.2894,0.008201
LKA,6.2427,87.6247,22181000,5.7868,0.008191
GBR,56.3365,-6.7615,66971395,0.1614,0.008175
FJI,-18.768833,-175.493833,929766,0.8303,0.008169
GRL,73.405167,-57.967333,56661,0.9556,0.008161
CAN,36.3,-59.95,38929902,6.1259,0.008156
AUS,-35.649,155.0695,26005540,4.0776,0.008155
USA,13.22,-159.47,333287557,6.8298,0.008152
GBR,55.432667,-4.748667,66971395,0.0165,0.008126
CAN,44.25,-60.28,38929902,0.326,0.0081
USA,41.13,-70.69,333287557,0.1626,0.0081
USA,32.03,-68.92,333287557,4.0419,0.0081
USA,40.31,-68.21,333287557,1.9925,0.0081
USA,42.71,-70.11,333287557,0.4901,0.0081
USA,25.21,-80.03,333287557,0.2592,0.0081
BHS,25.62,-73.25,409984,1.9095,0.008096
BHS,26.6,-79.45,409984,0.4633,0.008096
CAN,36.7,-65.03,38929902,4.3258,0.008096
DOM,28.06,-65.34,11228821,4.2162,0.008096
PRI,17.6,-62.73,3221789,0.2048,0.008096
TTO,15.65,-59.37,1531044,1.7435,0.008096
USA,40.87,-68.7,333287557,1.3216,0.008096
MEX,18.8,-84.9,127504125,1.6815,0.00808
TTO,15.09,-58.3,1531044,2.1809,0.00806
GBR,58.155167,-6.245167,66971395,0.03,0.008044
CUB,19.82,-81.07,11212191,0.4696,0.008016
ATA,-64.656,-62.1295,40,0.0282,0.008
ATA,-64.8172,-63.5025,40,0.0018,0.008
BHS,25.5377,-76.7583,409984,0.0025,0.008
BRA,16.97,-41.27,215313498,15.9098,0.008
BRA,19.794,-39.0278,215313498,13.9391,0.008
CAN,48.5697,-46.3615,38929902,6.3421,0.008
CAN,48.7339,-123.1875,38929902,0.0021,0.008
ESH,20.3411,-21.7833,4000,3.6625,0.008
ESH,19.6407,-21.2667,4000,3.2361,0.008
ESH,18.79,-22.8983,4000,1.9299,0.008
ESH,21.2247,-22.7068,4000,4.3697,0.008
ESH,22.5915,-31.7097,4000,8.4182,0.008
ESH,22.6762,-31.305,4000,8.1743,0.008
ESH,21.55,-29.8333,4000,6.3326,0.008
ESH,22.4913,-29.3618,4000,6.7341,0.008
FLK,-51.3082,-60.5467,2840,0.0099,0.008
GRL,60.4222,-42.483,56661,0.3763,0.008
IDN,0.043,107.8617,275501339,0.9751,0.008
MAR,22.9035,-19.1172,37457971,2.4018,0.008
MAR,23.8871,-18.5837,37457971,2.4739,0.008
MAR,23.5153,-18.7063,37457971,2.3427,0.008
MAR,25.19,-18.6083,37457971,2.528,0.008
MAR,27.2167,-32.1167,37457971,11.7715,0.008
MAR,23.0758,-30.0531,37457971,7.6189,0.008
MAR,28.6895,-14.0139,37457971,0.0067,0.008
MDG,-9.6589,47.5678,29611714,0.0654,0.008
MEX,24.5996,-110.4004,127504125,0.0093,0.008
MEX,23.1833,-106.4207,127504125,0.0024,0.008
NZL,-46.475,169.7,5124100,0.0062,0.008
PHL,7.631,134.5471,115559009,0.0278,0.008
PHL,7.7766,134.5698,115559009,0.0698,0.008
PRI,18.3342,-64.9263,3221789,0.0015,0.008
SEN,17.2434,-24.7659,17316449,0.2456,0.008
SEN,16.8833,-29.5167,17316449,4.1598,0.008
TTO,14.0691,-61.0097,1531044,0.0346,0.008
TTO,14.3305,-60.4413,1531044,0.3918,0.008
TTO,14.55,-53.53,1531044,6.0584,0.008
TTO,14.3452,-61.6716,1531044,0.5911,0.008
USA,41.2467,-72.5136,333287557,0.0113,0.008
USA,30.1863,-85.7392,333287557,0.0061,0.008
USA,35.6686,-69.1216,333287557,5.4133,0.008
USA,35.8417,-72.61,333287557,2.8533,0.008
USA,24.8516,-152.3562,333287557,5.4499,0.008
USA,25.7248,-149.7316,333287557,7.9335,0.008
USA,29.467,-138.8152,333287557,17.8047,0.008
USA,30.1093,-136.2664,333287557,15.3251,0.008
USA,30.7981,-133.0207,333287557,12.3147,0.008
USA,44.2168,-68.5669,333287557,0.0311,0.008
USA,60.0311,-149.4395,333287557,0.0091,0.008
USA,60.0495,-149.4432,333287557,0.0024,0.008
USA,60.0302,-148.039,333287557,0.0074,0.008
USA,60.0452,-147.5561,333287557,0.0053,0.008
USA,66.4346,-163.2724,333287557,0.3468,0.008
USA,37.656,-76.4368,333287557,0.006,0.008
USA,38.1414,-76.6133,333287557,0.0057,0.008
USA,22.6979,-154.6366,333287557,2.3375,0.008
GBR,66.583333,-3.7,66971395,4.9958,0.007992
ZAF,-34.678741,17.230938,59893885,1.204,0.007988
HTI,19.04,-74.55,11584996,0.4363,0.007956
GBR,57.777833,-2.864,66971395,0.075,0.007937
USA,44.64,-125.27,333287557,1.1925,0.007924
PRI,21.72,-57.32,3221789,6.0059,0.007912
PRI,21.78,-59.11,3221789,4.8814,0.007904
MDG,-13.725667,47.795167,29611714,0.0881,0.007885
BHS,24.07,-75.5,409984,0.0582,0.007856
DOM,25.5,-68.03,11228821,5.0548,0.007856
DOM,26.76,-65.67,11228821,5.5482,0.007856
HTI,15.78,-74.1,11584996,2.2576,0.007856
USA,40.82,-71.02,333287557,0.4736,0.007856
USA,40.23,-69.57,333287557,1.0941,0.007856
VEN,13.08,-66.5,28301696,1.2286,0.007856
CAN,38.3,-63.13,38929902,5.6777,0.007852
DOM,20.01,-69.94,11228821,0.3305,0.007852
PRI,20.02,-59.28,3221789,3.4125,0.007852
USA,30.49,-67.72,333287557,3.3484,0.007852
USA,34.85,-66.94,333287557,3.274,0.007852
USA,35.82,-65.81,333287557,3.6138,0.007852
AUS,-19.93632,117.10944,26005540,0.6548,0.007833
PRI,26.17,-58.6,3221789,8.6527,0.007828
NCL,-21.7654,170.6294,269220,1.7038,0.007804
AUS,-35.48068,132.18213,26005540,2.8558,0.007775
MAR,30.4115,-11.2685,37457971,1.4001,0.00777
JPN,31.005,139,125124989,1.1299,0.007735
GBR,56.049333,-2.983167,66971395,0.0881,0.007729
USA,28.5,-78.97,333287557,1.5585,0.007728
PRT,41.555833,-8.880167,10409704,0.0738,0.007725
CAN,37.45,-57.42,38929902,6.9157,0.007716
NCL,-23.212,166.6269,269220,0.7691,0.007699
AUS,-20.3269,115.63548,26005540,0.388,0.007698
AUS,-35.64345,155.07453,26005540,4.0773,0.007675
AUS,-19.1137,117.6992,26005540,1.322,0.007656
PRI,18.73,-58.33,3221789,3.5712,0.007632
USA,41.45,-70.77,333287557,0.008,0.007624
CHL,-32.9105,-84.4851,19603733,3.7982,0.007571
NLD,52.702833,4.587,17700982,0.0516,0.007562
CHL,-34,-78.191667,19603733,0.669,0.007542
CAN,46.57,-54.1,38929902,0.2305,0.007512
JAM,16.02,-76.55,2827377,1.7884,0.007512
AUS,-19.4288,115.9437,26005540,1.3339,0.007499
PER,-26.0652,-118.5125,34049588,6.4185,0.007487
AUS,-15.5085,141.0408,26005540,0.4219,0.007461
TWN,21.023611,119.973333,23600000,1.1764,0.007427
CUB,22.9,-73.92,11212191,0.18,0.00736
FJI,-23.1695,-132.9715,929766,1.9734,0.007359
GBR,60.249167,-0.998667,66971395,0.0865,0.007357
HND,16.39,-86.26,10432860,0.0234,0.007356
NZL,-40.04405,160.10113,5124100,8.5123,0.00733
USA,-7.46,-144.77,333287557,4.077,0.007268
JPN,34.498333,139.6,125124989,0.2324,0.007257
USA,40.58,-157.79,333287557,14.2824,0.007252
NCL,-23.21353,166.6191,269220,0.7724,0.007248
AUS,-19.11222,117.70678,26005540,1.3208,0.007204
DOM,20,-70.8,11228821,0.0995,0.007204
BHS,26.23,-78.13,409984,0.4042,0.0072
BHS,25.76,-73.68,409984,1.796,0.0072
BHS,29.72,-70.32,409984,6.0061,0.0072
BHS,27.64,-76.53,409984,1.1942,0.0072
BHS,26.9,-70.35,409984,4.9485,0.0072
BHS,27.77,-72.71,409984,4.0278,0.0072
BHS,26.34,-79.09,409984,0.3303,0.0072
CAN,40.3,-63.81,38929902,3.5776,0.0072
CAN,35.88,-58.53,38929902,7.0539,0.0072
DOM,22.83,-71.55,11228821,0.9526,0.0072
DOM,20.23,-71.02,11228821,0.2929,0.0072
DOM,20.55,-69.09,11228821,1.195,0.0072
DOM,20.67,-70.06,11228821,0.9697,0.0072
FJI,-14.7,-147.78,929766,0.3784,0.0072
HTI,20.67,-73.29,11584996,0.2684,0.0072
JAM,17.3,-77.63,2827377,0.5569,0.0072
JAM,18.76,-77.48,2827377,0.2822,0.0072
JAM,17.52,-78.16,2827377,0.5204,0.0072
PRI,15.33,-62.15,3221789,0.6923,0.0072
PRI,21.05,-58.9,3221789,4.4218,0.0072
PRI,17.75,-63.67,3221789,0.4351,0.0072
PRI,17.77,-67.08,3221789,0.1824,0.0072
PRI,30.16,-60.41,3221789,4.7775,0.0072
PRI,20.53,-65.44,3221789,2.0618,0.0072
PRI,23.78,-59.05,3221789,6.6635,0.0072
PRI,20.41,-59.59,3221789,3.4888,0.0072
PRI,25.68,-57.85,3221789,8.8962,0.0072
PRI,26.21,-58.4,3221789,8.7658,0.0072
USA,34.95,-64.75,333287557,2.5624,0.0072
USA,39.72,-69.52,333287557,1.5934,0.0072
USA,31.42,-77.94,333287557,2.1292,0.0072
USA,41.25,-71.02,333287557,0.179,0.0072
USA,42.47,-69.17,333287557,0.9624,0.0072
USA,14.71,-157.43,333287557,4.5484,0.0072
USA,12.52,-156.96,333287557,6.5142,0.0072
USA,14.71,-157.43,333287557,4.5484,0.0072
USA,12.52,-156.96,333287557,6.5142,0.0072
USA,14.71,-157.43,333287557,4.5484,0.0072
USA,12.52,-156.96,333287557,6.5142,0.0072
USA,14.71,-157.43,333287557,4.5484,0.0072
USA,12.52,-156.96,333287557,6.5142,0.0072
USA,14.71,-157.43,333287557,4.5484,0.0072
USA,12.52,-156.96,333287557,6.5142,0.0072
USA,14.71,-157.43,333287557,4.5484,0.0072
USA,12.52,-156.96,333287557,6.5142,0.0072
USA,14.71,-157.43,333287557,4.5484,0.0072
USA,12.52,-156.96,333287557,6.5142,0.0072
USA,14.71,-157.43,333287557,4.5484,0.0072
USA,12.52,-156.96,333287557,6.5142,0.0072
USA,14.71,-157.43,333287557,4.5484,0.0072
USA,12.52,-156.96,333287557,6.5142,0.0072
USA,14.71,-157.43,333287557,4.5484,0.0072
USA,12.52,-156.96,333287557,6.5142,0.0072
USA,14.71,-157.43,333287557,4.5484,0.0072
USA,12.52,-156.96,333287557,6.5142,0.0072
USA,14.71,-157.43,333287557,4.5484,0.0072
USA,12.52,-156.96,333287557,6.5142,0.0072
USA,14.71,-157.43,333287557,4.5484,0.0072
USA,12.52,-156.96,333287557,6.5142,0.0072
USA,14.71,-157.43,333287557,4.5484,0.0072
USA,12.52,-156.96,333287557,6.5142,0.0072
USA,14.71,-157.43,333287557,4.5484,0.0072
USA,12.52,-156.96,333287557,6.5142,0.0072
USA,14.71,-157.43,333287557,4.5484,0.0072
USA,12.52,-156.96,333287557,6.5142,0.0072
USA,14.71,-157.43,333287557,4.5484,0.0072
USA,12.52,-156.96,333287557,6.5142,0.0072
VEN,13.98,-68.7,28301696,1.6536,0.0072
GRL,63.565667,-34.414333,56661,2.7559,0.007199
PRI,18.45,-67.76,3221789,0.3487,0.007196
TTO,11.87,-61.33,1531044,0.3481,0.007196
TTO,14.64,-61.47,1531044,0.2952,0.007196
USA,42.29,-70.3,333287557,0.221,0.007196
PRI,26.15,-58.6,3221789,8.667,0.007164
AUS,-18.9954,118.1656,26005540,1.3285,0.00715
JPN,32.995,138.006667,125124989,1.4468,0.007137
CUB,24.01,-82.2,11212191,0.5455,0.007132
GBR,56.371,-2.752,66971395,0.0392,0.00712
GBR,56.124667,-2.7735,66971395,0.061,0.007106
AUS,-18.99,118.1841,26005540,1.3215,0.0071
PRI,27.99,-60.55,3221789,5.9892,0.007072
GBR,58.001333,-6.315167,66971395,0.0527,0.00706
AUS,-19.42942,115.93573,26005540,1.3304,0.007058
GBR,57.040333,-2.0915,66971395,0.0278,0.007032
PRI,25.28,-58.23,3221789,8.3698,0.007024
PRI,24.32,-56.42,3221789,8.5224,0.00702
AUS,-15.50107,141.0419,26005540,0.4229,0.007019
PRI,20.28,-64.97,3221789,1.6347,0.007016
DOM,22.11,-71.66,11228821,0.2688,0.007004
BHS,24.395,-76.635,409984,0.1342,0.007
BRA,16.675,-37.515,215313498,12.1605,0.007
CAN,76.5391,-81.2464,38929902,0.0103,0.007
CAN,61.038,-66.9325,38929902,0.9322,0.007
ESH,21.8869,-29.5553,4000,6.3867,0.007
ESH,20.8393,-34.3761,4000,9.7765,0.007
ESH,22.2,-35.78,4000,11.6185,0.007
ESH,20.1283,-22.1283,4000,3.3631,0.007
GAB,-2.5136,9.7516,2388992,0.0003,0.007
IDN,-8.122,117.7524,275501339,0.0231,0.007
ISL,65.7056,-21.6652,382003,0.0039,0.007
ITA,38.5046,16.8681,58940425,0.2909,0.007
MAR,29.53,-29.2,37457971,8.4407,0.007
MAR,24.8833,-24,37457971,6.4932,0.007
MAR,23.0055,-29.5747,37457971,7.2748,0.007
MAR,26.39,-16.0594,37457971,1.4216,0.007
MEX,24.1633,-110.3172,127504125,0.001,0.007
MEX,17.883,-102.426,127504125,0.1123,0.007
MEX,15.687,-96.237,127504125,0.0033,0.007
MEX,3.88,-102.27,127504125,9.4467,0.007
NIC,12.301,-82.986,6948392,0.1196,0.007
PRI,18.1284,-62.3021,3221789,0.5339,0.007
SEN,16.8942,-25.0427,17316449,0.0126,0.007
SLV,13.254,-88.909,6336392,0.043,0.007
SUR,14.6502,-51.9333,618040,7.6403,0.007
TTO,16.1167,-52.3,1531044,7.7157,0.007
TTO,14.3367,-57.6733,1531044,2.1116,0.007
TTO,15.0783,-58.6444,1531044,1.9856,0.007
TWN,23.641,122.963,23600000,0.7987,0.007
USA,37.3026,-76.2937,333287557,0.0228,0.007
USA,32.303,-64.7397,333287557,0.0017,0.007
USA,55.1984,-131.1537,333287557,0.0008,0.007
USA,44.2767,-68.3082,333287557,0.0045,0.007
USA,47.7292,-122.5516,333287557,0.0042,0.007
USA,26.1264,-80.0922,333287557,0.0141,0.007
USA,26.0136,-79.8869,333287557,0.2286,0.007
USA,59.8747,-149.7407,333287557,0.004,0.007
USA,60.0442,-149.4409,333287557,0.0031,0.007
USA,59.9446,-149.2958,333287557,0.0026,0.007
USA,46.2363,-124.1054,333287557,0.0434,0.007
USA,38.8756,-76.2563,333287557,0.018,0.007
USA,31,-137,333287557,15.4563,0.007
USA,38.983,-133.017,333287557,8.7309,0.007
PRI,18.97,-58.03,3221789,3.9391,0.006976
AUS,-18.6584,119.4751,26005540,1.329,0.006963
AUS,-21.19058,115.50976,26005540,0.1754,0.00696
USA,-8.22,-143.82,333287557,3.0988,0.006956
AUS,-18.8687,118.652,26005540,1.1842,0.006941
DOM,20.69,-71.08,11228821,0.6349,0.00692
GBR,54.6445,-4.510833,66971395,0.0579,0.006914
CAN,40.18,-64.8,38929902,3.3463,0.006912
PRI,15.98,-62.23,3221789,0.4738,0.006912
USA,42.1,-70.39,333287557,0.1483,0.006912
USA,14.89,-158.46,333287557,4.8783,0.006892
FJI,-20.8695,-161.8265,929766,2.0135,0.006864
USA,17.23,-157.24,333287557,2.2564,0.006856
USA,43.96,-66.94,333287557,0.6447,0.006824
BHS,26.07,-78.04,409984,0.3226,0.00682
SWE,58.520817,11.215167,10486941,0.0267,0.006756
DEU,54.246517,11.803533,83797985,0.0953,0.006735
AUS,-36.04788,135.68618,26005540,0.8572,0.006717
AUS,-19.8018,115.9652,26005540,1.0076,0.006654
ZAF,-34.49826,17.13556,59893885,1.2289,0.006649
GBR,55.967667,-2.2075,66971395,0.0434,0.006645
CUB,23.98,-81.97,11212191,0.5836,0.006644
DOM,15.58,-72.87,11228821,2.3801,0.006644
HTI,15.24,-74.62,11584996,2.8835,0.006644
PRI,17.78,-59.51,3221789,2.06,0.006644
TTO,11.87,-60.08,1531044,0.6872,0.006644
USA,24.82,-79.42,333287557,0.7255,0.006644
GBR,57.756167,-3.2305,66971395,0.0518,0.006639
PRI,26.84,-57.51,3221789,9.0237,0.006572
MYS,4.558333,113.541833,33938221,0.4281,0.006555
AUS,-12.2862,141.6233,26005540,0.0742,0.006501
BHS,26.27,-78.57,409984,0.2434,0.006488
BHS,24.22,-74.4,409984,0.0979,0.00648
BHS,25.58,-74.8,409984,1.2462,0.00648
BHS,25.9,-75.43,409984,1.0284,0.00648
BHS,26.13,-75.22,409984,1.3398,0.00648
BHS,25.89,-77.83,409984,0.1094,0.00648
BHS,23.74,-74.7,409984,0.0871,0.00648
BHS,26.13,-78.81,409984,0.3748,0.00648
BHS,24.34,-74.52,409984,0.2037,0.00648
BHS,24.53,-76.09,409984,0.1353,0.00648
BHS,27.1,-72.17,409984,3.7403,0.00648
BHS,28.93,-70.54,409984,6.1874,0.00648
BHS,25.77,-77.28,409984,0.1268,0.00648
BHS,25.92,-75.79,409984,0.8059,0.00648
BHS,25.77,-76.87,409984,0.239,0.00648
BHS,25.78,-76.85,409984,0.2418,0.00648
BHS,26.37,-79.03,409984,0.2675,0.00648
BHS,28.21,-74.37,409984,3.1701,0.00648
BHS,25.91,-76.73,409984,0.3463,0.00648
BHS,27.48,-79.4,409984,0.8178,0.00648
CAN,39.31,-66.02,38929902,4.1306,0.00648
CAN,32.53,-60.62,38929902,4.0309,0.00648
CAN,43.73,-66.58,38929902,0.4301,0.00648
CAN,46.07,-56.87,38929902,0.8731,0.00648
CAN,42.78,-65.5,38929902,0.6549,0.00648
CAN,42.13,-62.23,38929902,2.6565,0.00648
CAN,39.1,-64.55,38929902,4.4547,0.00648
CAN,43.89,-64.4,38929902,0.249,0.00648
CAN,44.05,-64.37,38929902,0.1569,0.00648
CAN,40.47,-63.92,38929902,3.3764,0.00648
CAN,46.75,-54.98,38929902,0.3114,0.00648
CAN,45.97,-56.8,38929902,0.9222,0.00648
CAN,43.52,-63.52,38929902,0.9276,0.00648
CAN,41.33,-66.12,38929902,2.149,0.00648
CAN,42.67,-60.47,38929902,1.3178,0.00648
CAN,41.48,-65.35,38929902,1.962,0.00648
CAN,45.05,-60.25,38929902,0.6101,0.00648
CAN,41.43,-66.22,38929902,2.0779,0.00648
CAN,38.77,-65.62,38929902,4.6521,0.00648
CAN,36.55,-62.15,38929902,4.8681,0.00648
CAN,33.88,-57.36,38929902,7.4428,0.00648
CAN,32.31,-63.39,38929902,1.259,0.00648
CAN,35.89,-58.15,38929902,7.3907,0.00648
CUB,23.17,-73.78,11212191,0.0693,0.00648
CUB,24.31,-82.12,11212191,0.241,0.00648
CUB,24.33,-82.42,11212191,0.3655,0.00648
CUB,21.63,-74.23,11212191,0.5436,0.00648
CUB,24.1,-82.08,11212191,0.4535,0.00648
CUB,20.93,-73.74,11212191,0.0631,0.00648
CUB,23.78,-83.14,11212191,0.7635,0.00648
CUB,23.28,-73.57,11212191,0.2067,0.00648
CUB,23.35,-73.32,11212191,0.4288,0.00648
CUB,23.98,-73.02,11212191,1.0942,0.00648
CUB,23.98,-81.59,11212191,0.592,0.00648
CUB,21.92,-73.48,11212191,0.5522,0.00648
CUB,22.93,-74.67,11212191,0.1642,0.00648
CUB,19.5,-74.05,11212191,0.6085,0.00648
CUB,18.95,-75.78,11212191,0.9197,0.00648
DOM,16.58,-70.03,11228821,1.6564,0.00648
DOM,21.5,-70.28,11228821,0.8493,0.00648
DOM,22.57,-71.64,11228821,0.6781,0.00648
DOM,20.97,-68.21,11228821,1.9038,0.00648
DOM,21.87,-69.53,11228821,1.643,0.00648
DOM,19.02,-68.55,11228821,0.1672,0.00648
DOM,15.45,-70.82,11228821,2.2108,0.00648
DOM,20.18,-70.07,11228821,0.5023,0.00648
FJI,-15.54,-148.18,929766,0.275,0.00648
HND,16.86,-85.95,10432860,0.3568,0.00648
HND,16.54,-86.05,10432860,0.1499,0.00648
HND,16.67,-82.49,10432860,1.6038,0.00648
HTI,15.35,-74.3,11584996,2.71,0.00648
HTI,20.58,-72.25,11584996,0.6852,0.00648
HTI,18.8,-75.43,11584996,0.5534,0.00648
HTI,16.83,-74.48,11584996,1.338,0.00648
HTI,18.47,-75.09,11584996,0.0797,0.00648
JAM,16.25,-74.98,2827377,2.0571,0.00648
JAM,16.1,-79.5,2827377,2.4179,0.00648
JAM,17.03,-76.4,2827377,0.8316,0.00648
JAM,17.03,-78.2,2827377,0.949,0.00648
JAM,17.83,-78.28,2827377,0.3657,0.00648
JAM,18.72,-78.92,2827377,0.6847,0.00648
JAM,16.71,-80.47,2827377,2.6028,0.00648
JAM,17.84,-76.07,2827377,0.1401,0.00648
JAM,17.46,-77.06,2827377,0.261,0.00648
JAM,19.01,-77.9,2827377,0.4864,0.00648
JAM,17.57,-77.97,2827377,0.3644,0.00648
JAM,18.35,-76.23,2827377,0.2287,0.00648
JAM,15.48,-76.05,2827377,2.4013,0.00648
JAM,15.38,-76,2827377,2.5072,0.00648
JAM,15.38,-76,2827377,2.5072,0.00648
JAM,15.82,-76.35,2827377,2.0409,0.00648
JAM,17.05,-78.02,2827377,0.8552,0.00648
JAM,16.47,-79.02,2827377,1.8762,0.00648
JAM,19.11,-76.56,2827377,0.7767,0.00648
JAM,17.47,-79.6,2827377,1.4552,0.00648
MEX,14.41,-96.5,127504125,1.2481,0.00648
MEX,11.94,-117.85,127504125,7.082,0.00648
NIC,14.18,-81.58,6948392,0.8341,0.00648
NIC,14.75,-81.67,6948392,1.1111,0.00648
PRI,16.47,-63.63,3221789,0.7671,0.00648
PRI,16.08,-62.2,3221789,0.4314,0.00648
PRI,24.9,-58.1,3221789,8.0878,0.00648
PRI,15.33,-62.15,3221789,0.6923,0.00648
PRI,17.02,-64.78,3221789,0.6727,0.00648
PRI,16.55,-65.69,3221789,1.3838,0.00648
PRI,17.8,-64.98,3221789,0.1006,0.00648
PRI,16.74,-65.23,3221789,1.0005,0.00648
PRI,22.59,-60.57,3221789,4.9029,0.00648
PRI,22.6,-65.95,3221789,4.13,0.00648
PRI,17.64,-63.45,3221789,0.1993,0.00648
PRI,24.33,-57.2,3221789,8.0636,0.00648
PRI,19.97,-58.73,3221789,3.8002,0.00648
PRI,24.85,-57.67,3221789,8.2521,0.00648
PRI,20.4,-57.95,3221789,4.6832,0.00648
PRI,17.67,-64.12,3221789,0.4469,0.00648
PRI,21.65,-64.97,3221789,2.9591,0.00648
PRI,16.98,-63.7,3221789,0.7847,0.00648
PRI,19.76,-59.79,3221789,2.8671,0.00648
PRI,18.57,-60.82,3221789,1.2973,0.00648
TTO,12.22,-61.77,1531044,0.0652,0.00648
TTO,14.58,-61.33,1531044,0.1913,0.00648
TTO,14.03,-61.08,1531044,0.0681,0.00648
TTO,13.98,-61.03,1531044,0.0004,0.00648
TTO,14.65,-59.39,1531044,1.3243,0.00648
TTO,13.75,-61.48,1531044,0.4058,0.00648
TTO,16.67,-58.75,1531044,2.2625,0.00648
TTO,13.62,-61.33,1531044,0.276,0.00648
TTO,13.52,-61.58,1531044,0.3856,0.00648
TTO,13.39,-61.54,1531044,0.2875,0.00648
TTO,14.34,-61.71,1531044,0.6294,0.00648
TTO,15.4,-60.42,1531044,0.7738,0.00648
USA,34.95,-64.75,333287557,2.5624,0.00648
USA,38.13,-66.2,333287557,4.8911,0.00648
USA,43.88,-67.37,333287557,0.6035,0.00648
USA,24.35,-80.83,333287557,0.419,0.00648
USA,24.43,-79.75,333287557,0.8694,0.00648
USA,28.42,-80.09,333287557,0.4414,0.00648
USA,30.7,-71.91,333287557,5.8068,0.00648
USA,24.35,-81.82,333287557,0.1926,0.00648
USA,40.67,-69.8,333287557,0.603,0.00648
USA,24.33,-81.03,333287557,0.3606,0.00648
USA,40.91,-70.67,333287557,0.3628,0.00648
USA,42.5,-67.77,333287557,1.7388,0.00648
USA,31.09,-72.85,333287557,4.941,0.00648
USA,24.41,-81.12,333287557,0.2778,0.00648
USA,38.12,-69.68,333287557,3.1357,0.00648
USA,37.37,-69.38,333287557,3.9188,0.00648
USA,40.23,-69.71,333287557,1.0504,0.00648
USA,39.35,-68.48,333287557,2.4124,0.00648
USA,35.82,-65.81,333287557,3.6138,0.00648
USA,40.21,-68.1,333287557,2.137,0.00648
USA,30.28,-66.4,333287557,2.4966,0.00648
USA,30.67,-66.1,333287557,2.0046,0.00648
USA,39.32,-70.27,333287557,1.9295,0.00648
USA,41.99,-70.36,333287557,0.1339,0.00648
USA,41.37,-70.98,333287557,0.0542,0.00648
USA,40.97,-68.65,333287557,1.343,0.00648
USA,41.25,-67.6,333287557,2.3579,0.00648
USA,40.7,-70.12,333287557,0.5423,0.00648
USA,40.97,-70.53,333287557,0.3888,0.00648
USA,40.97,-70.53,333287557,0.3888,0.00648
USA,40.06,-71.16,333287557,1.1593,0.00648
USA,42.11,-70.55,333287557,0.0828,0.00648
USA,40.18,-69.03,333287557,1.422,0.00648
USA,32.43,-75.63,333287557,2.3394,0.00648
USA,24.48,-80.03,333287557,0.7195,0.00648
USA,25.15,-80.08,333287557,0.2495,0.00648
USA,41.16,-70.98,333287557,0.1765,0.00648
USA,41.63,-69.35,333287557,0.5904,0.00648
USA,41.35,-71.03,333287557,0.1037,0.00648
USA,26.69,-79.82,333287557,0.2141,0.00648
USA,31.23,-75.71,333287557,3.4578,0.00648
USA,39.07,-68.03,333287557,2.9159,0.00648
USA,24.42,-81.57,333287557,0.1751,0.00648
USA,25.47,-83.88,333287557,1.9435,0.00648
USA,34.43,-65.63,333287557,2.2531,0.00648
USA,42.41,-70.6,333287557,0.2002,0.00648
USA,39.46,-70.52,333287557,1.8101,0.00648
USA,40.76,-68.51,333287557,1.5369,0.00648
USA,39.91,-69.09,333287557,1.6011,0.00648
USA,41.07,-68.78,333287557,1.1956,0.00648
USA,40.71,-69.65,333287557,0.6258,0.00648
USA,42.05,-69.48,333287557,0.4926,0.00648
USA,42.4,-68.56,333287557,1.4758,0.00648
USA,41.04,-71.02,333287557,0.2867,0.00648
USA,-11.18,-138.44,333287557,0.6675,0.00648
USA,20.35,-154.67,333287557,0.6358,0.00648
USA,26.05,-141.2,333287557,15.1049,0.00648
USA,16.13,-162,333287557,5.9266,0.00648
USA,7.43,-149.9,333287557,9.2026,0.00648
USA,16.13,-162,333287557,5.9266,0.00648
USA,7.43,-149.9,333287557,9.2026,0.00648
USA,16.13,-162,333287557,5.9266,0.00648
USA,7.43,-149.9,333287557,9.2026,0.00648
USA,16.13,-162,333287557,5.9266,0.00648
USA,7.43,-149.9,333287557,9.2026,0.00648
USA,16.13,-162,333287557,5.9266,0.00648
USA,7.43,-149.9,333287557,9.2026,0.00648
USA,16.13,-162,333287557,5.9266,0.00648
USA,7.43,-149.9,333287557,9.2026,0.00648
USA,16.13,-162,333287557,5.9266,0.00648
USA,7.43,-149.9,333287557,9.2026,0.00648
USA,16.13,-162,333287557,5.9266,0.00648
USA,7.43,-149.9,333287557,9.2026,0.00648
USA,16.13,-162,333287557,5.9266,0.00648
USA,7.43,-149.9,333287557,9.2026,0.00648
USA,16.13,-162,333287557,5.9266,0.00648
USA,7.43,-149.9,333287557,9.2026,0.00648
USA,16.13,-162,333287557,5.9266,0.00648
USA,7.43,-149.9,333287557,9.2026,0.00648
USA,16.13,-162,333287557,5.9266,0.00648
USA,7.43,-149.9,333287557,9.2026,0.00648
USA,16.13,-162,333287557,5.9266,0.00648
USA,7.43,-149.9,333287557,9.2026,0.00648
USA,16.13,-162,333287557,5.9266,0.00648
USA,7.43,-149.9,333287557,9.2026,0.00648
USA,16.13,-162,333287557,5.9266,0.00648
USA,7.43,-149.9,333287557,9.2026,0.00648
USA,16.13,-162,333287557,5.9266,0.00648
USA,7.43,-149.9,333287557,9.2026,0.00648
USA,16.13,-162,333287557,5.9266,0.00648
USA,7.43,-149.9,333287557,9.2026,0.00648
VEN,11.45,-64.6,28301696,0.3676,0.00648
VEN,10.55,-64.68,28301696,0.3039,0.00648
VEN,13,-62.28,28301696,0.9133,0.00648
VEN,12.97,-63.28,28301696,1.6911,0.00648
VEN,12.58,-67.55,28301696,0.5295,0.00648
VEN,11.63,-67.15,28301696,0.3194,0.00648
VEN,10.46,-64.66,28301696,0.2122,0.00648
VEN,12.43,-65.48,28301696,0.8718,0.00648
VEN,14.47,-62.6,28301696,1.4147,0.00648
VEN,12.1,-63.08,28301696,1.2205,0.00648
VEN,11.22,-66.52,28301696,0.554,0.00648
CHL,-44.028333,-74.453333,19603733,0.137,0.006475
CHL,-51.51,-72.97,19603733,0.0107,0.006427
MEX,14.61,-117.44,127504125,4.5631,0.006416
USA,43.2,-68.81,333287557,0.8249,0.006404
USA,32.07,-65.53,333287557,0.6778,0.0064
PRI,25.65,-65.7,3221789,6.652,0.006392
JPN,33.995,139.503333,125124989,0.041,0.006387
ZAF,-35.25027,13.067,59893885,5.3163,0.006382
USA,24.24,-80.13,333287557,0.8401,0.006376
GBR,56.080167,-2.768333,66971395,0.0167,0.006367
USA,35.86,-67.01,333287557,4.144,0.006352
ITA,44.2606,9.311833,58940425,0.0521,0.0063
AUS,-18.8719,118.64178,26005540,1.1851,0.006289
JPN,33.503333,139,125124989,0.331,0.006285
USA,32.37,-146.51,333287557,14.9649,0.006272
GRL,62.472,-50.423167,56661,0.109,0.006235
GBR,58.903167,-2.984667,66971395,0.042,0.006208
SLB,-7.526333,157.931667,724273,0.1444,0.006177
USA,5.9,-157.42,333287557,2.7528,0.006176
BHS,26.3,-78.37,409984,0.296,0.006172
BHS,26.57,-71.36,409984,3.9366,0.006172
CAN,44.36,-62.33,38929902,0.4881,0.006172
CAN,36.23,-64.41,38929902,3.8505,0.006172
CUB,19.01,-75.52,11212191,0.7689,0.006172
DOM,28.08,-68.61,11228821,5.6031,0.006172
JAM,18.2,-76.15,2827377,0.189,0.006172
JAM,18.02,-75.41,2827377,0.5437,0.006172
USA,42.43,-70.14,333287557,0.3478,0.006172
USA,-13.65,-145.06,333287557,0.7779,0.006172
VEN,10.67,-65.36,28301696,0.2253,0.006172
VEN,10.56,-64.31,28301696,0.0452,0.006172
CUB,20.02,-80.17,11212191,0.3371,0.006168
USA,6.42,-148.97,333287557,9.4428,0.006156
GBR,58.4935,-6.162,66971395,0.043,0.006135
PRI,18.84,-60.37,3221789,1.8133,0.0061
VEN,11.8,-64.76,28301696,0.1153,0.006044
AUS,-41.14212,152.25633,26005540,3.8388,0.006034
LKA,6.1637,86.9385,22181000,5.1194,0.006003
BLZ,17.3028,-87.8344,405272,0.0099,0.006
BRA,19.9778,-38.2851,215313498,13.251,0.006
BRA,17.8017,-38.19,215313498,12.8513,0.006
BRA,19.38,-40.5,215313498,15.317,0.006
BRA,16.3833,-41.8667,215313498,15.3383,0.006
BRA,18.7717,-39.0633,215313498,13.81,0.006
CHL,-54.8869,-67.9369,19603733,0.0188,0.006
CHL,-54.94,-69.154,19603733,0.0044,0.006
CRI,10.9357,-85.8666,5180829,0.0011,0.006
DOM,19.08,-69.47,11228821,0.0067,0.006
ECU,1.45,-87.033,18001000,3.0807,0.006
ESH,20.673,-25.3273,4000,3.4837,0.006
ESH,21.4817,-32.7038,4000,8.5711,0.006
ESH,21.31,-28.02,4000,4.998,0.006
ESH,20.8931,-28.1017,4000,4.6999,0.006
ESH,20.6,-33.5167,4000,8.892,0.006
ESH,21.0185,-37.7999,4000,13.0556,0.006
FLK,-54.057,-37.3321,2840,0.013,0.006
GBR,50.5812,-2.4153,66971395,0.0193,0.006
GRL,43.5,-30.7,56661,3.7947,0.006
IDN,7.2814,134.4707,275501339,0.0146,0.006
ISL,66.1741,-23.2302,382003,0.0102,0.006
MAR,26.0283,-20.2733,37457971,2.7082,0.006
MAR,25.2457,-21.12,37457971,3.8592,0.006
MAR,25.7527,-19.2615,37457971,2.2513,0.006
MAR,24.2567,-20.63,37457971,4.2523,0.006
MAR,26.4148,-25.07,37457971,7.0322,0.006
MDG,-9.7097,46.5344,29611714,0.0267,0.006
MDG,-9.7522,47.6024,29611714,0.1011,0.006
MDG,-9.4962,46.2684,29611714,0.0454,0.006
MEX,21.0313,-86.7912,127504125,0.0044,0.006
MEX,32.1204,-116.8859,127504125,0.0005,0.006
MEX,15.9708,-102.3497,127504125,1.7941,0.006
MEX,23.379,-109.4305,127504125,0.0049,0.006
MEX,28.295,-115.5778,127504125,0.006,0.006
MEX,15.8032,-96.0082,127504125,0.0021,0.006
MEX,31.9691,-117.1522,127504125,0.2845,0.006
NIC,11.4717,-86.1314,6948392,0.0082,0.006
PRI,26.1552,-63.7472,3221789,6.1891,0.006
PRI,18.2642,-64.4505,3221789,0.1383,0.006
SEN,17.0813,-28.1118,17316449,2.7515,0.006
TTO,14.4156,-60.4058,1531044,0.4073,0.006
TTO,14.1616,-59.8337,1531044,0.8464,0.006
TTO,14.3039,-59.8393,1531044,0.9839,0.006
TTO,15.9533,-56.3133,1531044,4.1818,0.006
USA,37.838,-70.825,333287557,3.378,0.006
USA,34.4833,-69.2567,333287557,4.8888,0.006
USA,35.6883,-71.4767,333287557,3.9765,0.006
USA,32.3648,-64.7126,333287557,0.0001,0.006
USA,26.055,-79.99,333287557,0.1234,0.006
USA,26.0192,-80.0857,333287557,0.0297,0.006
USA,60.0661,-149.4395,333287557,0.0045,0.006
USA,41.2018,-71.5603,333287557,0.0011,0.006
USA,21.0161,-156.6399,333287557,0.0053,0.006
USA,60.3307,-148.02,333287557,0.0119,0.006
USA,60.4859,-148.2687,333287557,0.0043,0.006
USA,60.5188,-147.3523,333287557,0.1259,0.006
USA,60.4762,-147.4719,333287557,0.1478,0.006
USA,21.269,-157.8229,333287557,0.0015,0.006
USA,30.033,-144.983,333287557,14.3324,0.006
AUS,-13.632,144.0713,26005540,0.4855,0.005979
USA,24.52,-81.81,333287557,0.0229,0.005976
GBR,57.9045,-3.6925,66971395,0.0997,0.005961
BHS,26.17,-71.52,409984,3.5705,0.005892
CAN,42.34,-67.43,38929902,1.9188,0.005892
CUB,23.93,-83.57,11212191,0.9898,0.005892
DOM,21.32,-70.17,11228821,0.9709,0.005892
DOM,23.35,-67.51,11228821,4.0664,0.005892
HTI,17.02,-72.57,11584996,1.1496,0.005892
JAM,18.45,-76.21,2827377,0.3261,0.005892
PRI,24.65,-59.05,3221789,7.4481,0.005892
TTO,11.6,-61.65,1531044,0.4053,0.005892
USA,41.28,-69.11,333287557,0.8478,0.005892
USA,24.79,-79.72,333287557,0.7403,0.005892
USA,42.35,-70.24,333287557,0.2665,0.005892
ZAF,-46.91922,38.11349,59893885,0.2197,0.005858
GBR,57.720333,-3.551667,66971395,0.0529,0.005857
AUS,-19.80863,115.95553,26005540,0.9968,0.005844
BHS,25.95,-78,409984,0.2,0.00584
PRI,15.87,-63.03,3221789,0.6279,0.005764
BHS,25.92,-77.85,409984,0.1337,0.00576
BHS,23.8,-75.15,409984,0.0359,0.00576
CAN,43.73,-66.58,38929902,0.4301,0.00576
DOM,22.91,-70.46,11228821,1.5523,0.00576
HND,16.51,-85.08,10432860,0.5237,0.00576
PRI,17,-63.72,3221789,0.7802,0.00576
PRI,15.81,-61.99,3221789,0.3262,0.00576
USA,32.28,-64.47,333287557,0.1983,0.00576
USA,40.87,-70.75,333287557,0.3816,0.00576
GBR,55.879,-4.909,66971395,0.0181,0.005753
ITA,43.684967,10.173767,58940425,0.1053,0.005725
PRI,24.34,-56.42,3221789,8.538,0.005716
PRI,24.18,-58.14,3221789,7.4368,0.005716
PRI,29.6,-55.84,3221789,9.2324,0.005708
USA,39.66,-70.88,333287557,1.5895,0.005708
CAN,45.09,-59.8,38929902,0.7543,0.005656
BHS,25.65,-76.4,409984,0.2825,0.00564
ZAF,-36.254133,23.540033,59893885,2.1481,0.00564
BHS,24.45,-76.27,409984,0.2215,0.005632
CUB,24.2,-82.1,11212191,0.352,0.00562
TTO,16.64,-59.07,1531044,1.9416,0.005616
USA,16.36,-159.94,333287557,4.8603,0.005612
GBR,57.172,-1.823333,66971395,0.2102,0.005593
AUS,-10.7735,142.3012,26005540,0.0585,0.005581
DOM,15.89,-69.58,11228821,2.3874,0.00556
MDG,-15.768333,54.241667,29611714,0.2986,0.005523
GBR,56.369,-2.652333,66971395,0.0458,0.005502
GBR,57.699833,-2.403333,66971395,0.0294,0.005472
USA,0.59,-155.1,333287557,2.3653,0.005412
CAN,43.25,-64.78,38929902,0.5267,0.005404
VEN,14.35,-62.47,28301696,1.3254,0.005404
GRL,71.3695,-55.672167,56661,0.1629,0.005401
BHS,24.17,-74.63,409984,0.1221,0.0054
BHS,30.06,-75.7,409984,3.6652,0.0054
BHS,24.28,-79.38,409984,0.7372,0.0054
CAN,42.93,-61.4,38929902,1.6347,0.0054
CAN,42.77,-64.77,38929902,0.9624,0.0054
CAN,47.1,-56.07,38929902,0.1536,0.0054
CUB,24.21,-84.02,11212191,1.4185,0.0054
DOM,22.88,-70.49,11228821,1.5123,0.0054
DOM,21.03,-69.39,11228821,1.4617,0.0054
HND,16.33,-85.63,10432860,0.2475,0.0054
HND,17.47,-82.48,10432860,1.4336,0.0054
HTI,18.69,-75.06,11584996,0.2744,0.0054
HTI,16.5,-73.45,11584996,1.5657,0.0054
PRI,25.15,-59.98,3221789,7.4,0.0054
PRI,17.37,-65.1,3221789,0.3739,0.0054
TTO,15.83,-60.37,1531044,0.8063,0.0054
TTO,14.83,-61.37,1531044,0.1414,0.0054
USA,40.87,-68.43,333287557,1.5807,0.0054
USA,39.9,-72.27,333287557,0.9598,0.0054
USA,35.25,-68.72,333287557,4.8392,0.0054
USA,32.22,-69.7,333287557,4.8144,0.0054
USA,40.5,-67.68,333287557,2.4062,0.0054
USA,40.12,-70.5,333287557,1.1677,0.0054
USA,41.39,-70.92,333287557,0.0281,0.0054
USA,40.4,-68.45,333287557,1.7388,0.0054
USA,42.51,-70.28,333287557,0.3406,0.0054
USA,6.39,-144.23,333287557,13.7543,0.0054
USA,9.55,-155.93,333287557,6.5716,0.0054
USA,9.55,-155.93,333287557,6.5716,0.0054
USA,9.55,-155.93,333287557,6.5716,0.0054
USA,9.55,-155.93,333287557,6.5716,0.0054
USA,9.55,-155.93,333287557,6.5716,0.0054
USA,9.55,-155.93,333287557,6.5716,0.0054
USA,9.55,-155.93,333287557,6.5716,0.0054
USA,9.55,-155.93,333287557,6.5716,0.0054
USA,9.55,-155.93,333287557,6.5716,0.0054
USA,9.55,-155.93,333287557,6.5716,0.0054
USA,9.55,-155.93,333287557,6.5716,0.0054
USA,9.55,-155.93,333287557,6.5716,0.0054
USA,9.55,-155.93,333287557,6.5716,0.0054
USA,9.55,-155.93,333287557,6.5716,0.0054
USA,9.55,-155.93,333287557,6.5716,0.0054
USA,9.55,-155.93,333287557,6.5716,0.0054
USA,9.55,-155.93,333287557,6.5716,0.0054
COL,12.6275,-70.800417,51874024,0.534,0.005394
AUS,-34.60598,121.8119,26005540,0.6469,0.005347
FJI,-21.1485,-159.833,929766,0.0417,0.005344
BRA,-11.903017,-20.671967,215313498,7.3956,0.005309
AUS,-12.29455,141.6211,26005540,0.0729,0.005306
GBR,60.255,-0.945,66971395,0.0908,0.005275
GBR,56.662333,-2.244833,66971395,0.1575,0.005255
AUS,-10.76762,142.30952,26005540,0.0569,0.005254
PRI,26.77,-58.81,3221789,8.0817,0.0052
CAN,40.36,-63.27,38929902,3.7874,0.005184
CUB,24.59,-83.23,11212191,1.0843,0.005184
USA,42.15,-68.98,333287557,0.9948,0.005184
VEN,14.17,-66.37,28301696,2.3253,0.005184
USA,33.87,-65.73,333287557,1.7806,0.005144
AUS,-35.31488,118.62283,26005540,0.4708,0.005136
GBR,57.3195,-1.703167,66971395,0.1606,0.005113
LKA,6.2437,87.6267,22181000,5.7887,0.005113
USA,30.66,-80.15,333287557,1.2634,0.005096
CHL,-34.1697,-73.0895,19603733,1.0627,0.005087
VEN,14.63,-70.28,28301696,2.0112,0.005084
JAM,17.28,-79.45,2827377,1.4494,0.00508
TTO,13.63,-59.38,1531044,0.3649,0.00508
TTO,11.87,-60.08,1531044,0.6872,0.00508
GBR,56.803333,-6.842167,66971395,0.259,0.005078
USA,39.76,-147.72,333287557,17.8344,0.005056
PRI,23.27,-57.8,3221789,6.8513,0.005052
DOM,16.15,-72.44,11228821,1.6676,0.005036
JAM,17.63,-78.29,2827377,0.5226,0.005036
VEN,13.3,-68.38,28301696,0.9898,0.005024
ARG,-43.251,-57.864,46234830,4.7124,0.005
ARG,-54.7799,-64.0557,46234830,0.0044,0.005
ATA,-64.7296,-62.6016,40,0.0301,0.005
BLZ,16.8785,-87.7236,405272,0.4215,0.005
BRA,-5.3,-25.7,215313498,6.8434,0.005
BRA,16,-38,215313498,12.6836,0.005
BRA,16.4333,-37.8333,215313498,12.4884,0.005
BRA,16.2996,-37.1698,215313498,11.8335,0.005
BRA,15.8756,-42.9791,215313498,14.2606,0.005
BRA,-10.933,-34.9287,215313498,1.4077,0.005
CHL,-54.4271,-69.8611,19603733,0.0114,0.005
CHL,-54.8861,-67.2688,19603733,0.0089,0.005
EGY,27.7306,34.1927,110990103,0.044,0.005
ESH,21.945,-26.3483,4000,4.9087,0.005
ESH,20.4857,-37.3662,4000,12.4863,0.005
ESH,21.5053,-36.7888,4000,12.2635,0.005
ESH,20.7583,-37.31,4000,12.5102,0.005
GBR,50.3226,-5.2019,66971395,0.0059,0.005
IDN,6.9933,134.3108,275501339,0.0411,0.005
IDN,-2.3727,107.6495,275501339,0.189,0.005
ISL,65.683,-18.0861,382003,0.0088,0.005
JPN,28.111,129.335,125124989,0.0042,0.005
MAR,27.1,-22.46,37457971,4.3428,0.005
MAR,26.1188,-19.3518,37457971,1.9949,0.005
MAR,25.4415,-23.6505,37457971,5.9451,0.005
MAR,25.5237,-20.8627,37457971,3.4838,0.005
MDG,-9.3933,46.2492,29611714,0.0248,0.005
MEX,13.9489,-99.1561,127504125,2.4352,0.005
MEX,26.7329,-113.5422,127504125,0.0004,0.005
MEX,0.233,-119.917,127504125,14.6775,0.005
MEX,4.733,-98.066,127504125,6.7903,0.005
PAN,7.4795,-82.2342,4408581,0.3534,0.005
PHL,7.2812,134.2886,115559009,0.0608,0.005
PRI,27.961,-64.1088,3221789,4.348,0.005
PRI,18.0351,-63.1007,3221789,0.0021,0.005
PRI,18.4889,-64.45,3221789,0.0332,0.005
PRI,17.0115,-61.7824,3221789,0.0054,0.005
SEN,16.7617,-33.645,17316449,8.2898,0.005
SEN,15.5802,-35.6167,17316449,10.3618,0.005
SEN,17.3463,-36.238,17316449,10.8815,0.005
SUR,12.3861,-53.0978,618040,6.3753,0.005
TTO,15.5793,-61.4632,1531044,0.006,0.005
TTO,12.6352,-61.3617,1531044,0.0605,0.005
TTO,14.1246,-60.8374,1531044,0.079,0.005
TTO,15.7974,-52.1839,1531044,7.7081,0.005
TTO,15.9407,-55.8,1531044,4.57,0.005
TTO,17.6863,-51.7616,1531044,8.9017,0.005
TTO,14.2518,-60.4931,1531044,0.3806,0.005
TTO,15.1767,-53.2772,1531044,6.4718,0.005
USA,59.579,-151.423,333287557,0.0306,0.005
USA,32.375,-64.6744,333287557,0.0101,0.005
USA,32.2489,-64.8333,333287557,0.0005,0.005
USA,24.8516,-152.3562,333287557,5.4499,0.005
USA,29.467,-138.8152,333287557,17.8047,0.005
USA,33.76,-118.1551,333287557,0.0007,0.005
USA,47.3001,-122.5335,333287557,0.0038,0.005
USA,25.7071,-80.1519,333287557,0.0053,0.005
USA,59.9038,-149.7233,333287557,0.0158,0.005
USA,32.6322,-117.1056,333287557,0.0027,0.005
USA,58.3,-152.06,333287557,0.0062,0.005
USA,58.4,-152.3,333287557,0.0219,0.005
USA,26.4168,-80.0667,333287557,0.0031,0.005
USA,46.0767,-124.4126,333287557,0.3854,0.005
USA,60.678,-145.941,333287557,0.0019,0.005
USA,25.7535,-81.3766,333287557,0.0194,0.005
HTI,19.23,-74.48,11584996,0.5933,0.004984
FJI,-14.967667,-147.648,929766,0.1549,0.004953
CHL,-45.15,-73.635,19603733,0.0661,0.004951
PRT,35.171667,-9.4025,10409704,1.8921,0.004919
JPN,34.001667,138.993333,125124989,0.4224,0.004897
TTO,13.14,-61.51,1531044,0.2425,0.004856
PNG,16.4507,158.5566,10142619,8.2294,0.004845
CIV,-6.07892,-7.52317,28160542,7.0242,0.004817
CAN,39.61,-63.53,38929902,4.3204,0.0048
CAN,32.42,-57.05,38929902,7.5978,0.0048
HTI,20.67,-73.29,11584996,0.2684,0.0048
HTI,18.33,-75.02,11584996,0.0657,0.0048
PRI,24.27,-59.93,3221789,6.6598,0.0048
PRI,26.9,-65.24,3221789,5.3623,0.0048
PRI,26.9,-57.56,3221789,8.9474,0.0048
PRI,17.72,-61,3221789,0.7378,0.0048
TTO,14.2,-60.58,1531044,0.3409,0.0048
TTO,15.13,-62.03,1531044,0.6591,0.0048
TTO,12.49,-61.51,1531044,0.0222,0.0048
USA,40.53,-69.33,333287557,0.961,0.0048
USA,38.88,-69.29,333287557,2.4641,0.0048
USA,24.32,-80.3,333287557,0.6799,0.0048
USA,39.84,-68.3,333287557,2.1831,0.0048
USA,5.76,-161.9,333287557,0.197,0.0048
VEN,10.89,-65.43,28301696,0.0385,0.0048
DOM,27.62,-68.93,11228821,6.1597,0.004796
GBR,57.802333,-2.390167,66971395,0.1235,0.00478
USA,40.29,-69.05,333287557,1.3273,0.004752
AUS,-40.63478,155.89042,26005540,6.6875,0.00475
GBR,57.7255,-1.855333,66971395,0.0825,0.004749
HND,18.58,-83.39,10432860,1.2803,0.004704
USA,32.86,-64.49,333287557,0.5067,0.004704
GBR,59.406333,-0.444667,66971395,0.9369,0.004703
USA,31.64,-69.03,333287557,4.1935,0.004696
GBR,58.090833,-3.540667,66971395,0.0609,0.004684
PRI,25.67,-65.68,3221789,6.6297,0.00468
GBR,58.662833,-4.785667,66971395,0.0564,0.004672
JPN,37.998611,146.522778,125124989,4.6994,0.004667
USA,28.52,-79.3,333287557,1.2291,0.004656
MEX,21.44,-105.6,127504125,0.2436,0.004644
MEX,9.92,-120.39,127504125,10.0998,0.004644
USA,41.49,-69.35,333287557,0.617,0.004632
CUB,20.72,-74.12,11212191,0.4153,0.004628
DOM,27.98,-68.3,11228821,5.4791,0.004628
JAM,18.8,-77.96,2827377,0.2871,0.004628
PRI,21.98,-60.05,3221789,4.6128,0.004628
GBR,56.040167,-2.404,66971395,0.0627,0.004626
AUS,-35.47657,132.15517,26005540,2.8751,0.004604
USA,25.35,-141.11,333287557,14.8979,0.004584
CAN,48.151167,-69.591667,38929902,0.05,0.004575
FJI,-17.935167,177.191833,929766,0.0622,0.00457
MAR,24.56417,-19.78873,37457971,3.5473,0.004566
ESP,45.188333,-7.811667,47778340,1.4006,0.004564
TTO,16.68,-59.05,1531044,1.9677,0.004552
PRI,16.75,-60.28,3221789,0.8161,0.004548
USA,14.12,-157.12,333287557,4.9996,0.004548
CAN,47.09,-56.57,38929902,0.174,0.004516
GBR,57.707333,-3.754,66971395,0.0749,0.004508
PRI,20.7,-57.72,3221789,5.0462,0.004508
RUS,69.823889,50.555278,144236933,0.6815,0.0045
RUS,76.5932,149.291317,144236933,0.0539,0.0045
RUS,74.204,129.13197,144236933,1.0156,0.0045
PNG,15.7937,159.2056,10142619,7.3222,0.004497
FJI,-18.498167,-149.4225,929766,0.6662,0.004441
JPN,34,138.505,125124989,0.6537,0.004439
GBR,58.034333,-3.627833,66971395,0.0777,0.004425
MDG,-12.853167,48.442667,29611714,0.3687,0.004411
CAN,45.09,-59.8,38929902,0.7543,0.004408
JPN,35.025,151.948056,125124989,10.1185,0.004407
MDG,-13.6455,48.181667,29611714,0.0235,0.004394
MAR,24.789167,-16.351067,37457971,1.0137,0.004347
BHS,28.35,-78.22,409984,1.4615,0.004324
PRI,22.95,-61.08,3221789,4.9411,0.004324
PRI,21.22,-58,3221789,5.167,0.004324
BHS,24.46,-76.27,409984,0.2122,0.00432
BHS,25.92,-77.53,409984,0.1637,0.00432
BHS,24.33,-75.4,409984,0.0054,0.00432
BHS,25.67,-76.07,409984,0.4338,0.00432
BHS,26.27,-79.03,409984,0.3445,0.00432
BHS,26.02,-78.07,409984,0.2982,0.00432
BHS,26.33,-78.55,409984,0.1983,0.00432
BHS,24.8,-75.65,409984,0.1159,0.00432
BHS,30.01,-74.39,409984,4.3842,0.00432
BHS,25.4,-76.1,409984,0.2256,0.00432
BHS,26.19,-78.32,409984,0.4144,0.00432
BHS,26.42,-78.62,409984,0.0856,0.00432
BHS,24.79,-76.07,409984,0.0881,0.00432
BHS,26.39,-72.55,409984,2.9492,0.00432
BHS,28.93,-70.54,409984,6.1874,0.00432
BHS,24.62,-74.32,409984,0.4976,0.00432
BHS,26.05,-79.3,409984,0.2798,0.00432
BHS,25.87,-77.37,409984,0.1092,0.00432
BHS,26.2,-79.13,409984,0.4419,0.00432
BHS,25.23,-76.02,409984,0.1374,0.00432
BHS,26.3,-78.15,409984,0.3318,0.00432
BHS,23.65,-76.92,409984,0.6347,0.00432
BHS,26.7,-79.32,409984,0.3221,0.00432
BHS,29.38,-77.35,409984,2.473,0.00432
BHS,28.47,-73.05,409984,4.4514,0.00432
BHS,24.12,-74.63,409984,0.1022,0.00432
BHS,26.38,-79.04,409984,0.267,0.00432
BHS,26.18,-79.45,409984,0.4497,0.00432
BHS,26.17,-79.31,409984,0.3998,0.00432
CAN,43.1,-64.21,38929902,0.9633,0.00432
CAN,42.17,-67.39,38929902,2.0211,0.00432
CAN,42.17,-67.39,38929902,2.0211,0.00432
CAN,41.62,-65.82,38929902,1.8122,0.00432
CAN,41.73,-64,38929902,2.2351,0.00432
CAN,35.6,-64.67,38929902,3.2113,0.00432
CAN,40.25,-66.03,38929902,3.1973,0.00432
CAN,43.32,-65.13,38929902,0.3083,0.00432
CAN,42.1,-66.22,38929902,1.4482,0.00432
CAN,31.45,-61.06,38929902,3.7033,0.00432
CAN,41.45,-65.98,38929902,2.0031,0.00432
CAN,44.49,-61.11,38929902,0.7157,0.00432
CAN,44.49,-61.11,38929902,0.7157,0.00432
CAN,46.07,-56.87,38929902,0.8731,0.00432
CAN,44.95,-56.87,38929902,1.9009,0.00432
CAN,43.15,-63.38,38929902,1.3153,0.00432
CAN,42.82,-65.4,38929902,0.6436,0.00432
CAN,43.76,-63.03,38929902,0.8818,0.00432
CAN,43.32,-62.33,38929902,1.4836,0.00432
CAN,42.33,-66.1,38929902,1.1894,0.00432
CAN,43.26,-66.17,38929902,0.4618,0.00432
CAN,45.38,-51.97,38929902,1.6899,0.00432
CAN,45.37,-51.95,38929902,1.7106,0.00432
CAN,43.52,-63.88,38929902,0.8423,0.00432
CAN,42.36,-61.88,38929902,2.3694,0.00432
CAN,41.63,-63.53,38929902,2.5597,0.00432
CAN,42.62,-61.75,38929902,2.1017,0.00432
CAN,44.27,-64.2,38929902,0.0473,0.00432
CAN,43.75,-64.15,38929902,0.5232,0.00432
CAN,38.26,-65.32,38929902,5.1713,0.00432
CAN,44.33,-59.17,38929902,0.623,0.00432
CAN,40.83,-65.51,38929902,2.5948,0.00432
CAN,43.91,-64.18,38929902,0.3645,0.00432
CAN,34.86,-60.87,38929902,4.5254,0.00432
CAN,40.16,-62.65,38929902,4.2729,0.00432
COL,14.44,-73.73,51874024,2.6993,0.00432
CRI,5.89,-87.09,5180829,0.3331,0.00432
CUB,23.17,-73.78,11212191,0.0693,0.00432
CUB,24.43,-72.43,11212191,1.818,0.00432
CUB,24.23,-72.92,11212191,1.3566,0.00432
CUB,23.88,-74.32,11212191,0.185,0.00432
CUB,23.23,-74.93,11212191,0.1341,0.00432
CUB,24.15,-83.9,11212191,1.3243,0.00432
CUB,23.98,-81.55,11212191,0.602,0.00432
CUB,21.3,-73.75,11212191,0.2022,0.00432
CUB,24.52,-82.93,11212191,0.7876,0.00432
CUB,22.95,-74.73,11212191,0.1079,0.00432
CUB,19.43,-77.35,11212191,0.4328,0.00432
CUB,21.08,-82.52,11212191,0.4553,0.00432
CUB,23.78,-74.5,11212191,0.1786,0.00432
CUB,24.1,-82.88,11212191,0.8761,0.00432
CUB,22.93,-84.85,11212191,0.708,0.00432
CUB,24.79,-84.02,11212191,1.8846,0.00432
CUB,22.45,-73.68,11212191,0.1357,0.00432
CUB,20.95,-83.48,11212191,0.6563,0.00432
CUB,24.14,-82.83,11212191,0.8127,0.00432
CUB,23.47,-80.3,11212191,0.3242,0.00432
CUB,24.05,-74.05,11212191,0.3785,0.00432
CUB,23.72,-81.55,11212191,0.5604,0.00432
CUB,23.98,-82.07,11212191,0.5739,0.00432
CUB,23.62,-80.38,11212191,0.4341,0.00432
CUB,20.57,-73.57,11212191,0.3505,0.00432
CUB,24.5,-82.77,11212191,0.6311,0.00432
CUB,24.27,-82.11,11212191,0.2815,0.00432
CUB,25.11,-83.88,11212191,1.8098,0.00432
CUB,24.01,-82.07,11212191,0.544,0.00432
DOM,17.87,-70.4,11228821,0.3441,0.00432
DOM,24.8,-70.47,11228821,3.195,0.00432
DOM,24.08,-70.12,11228821,2.7195,0.00432
DOM,24.08,-70.12,11228821,2.7195,0.00432
DOM,20.22,-70.48,11228821,0.4332,0.00432
DOM,22.4,-70.17,11228821,1.3126,0.00432
DOM,22.22,-67.83,11228821,3.1818,0.00432
DOM,21.38,-68.05,11228821,2.3372,0.00432
DOM,25.34,-68.47,11228821,4.6648,0.00432
DOM,25.34,-68.47,11228821,4.6648,0.00432
DOM,22.34,-67.69,11228821,3.352,0.00432
DOM,20.14,-68.88,11228821,0.8524,0.00432
DOM,20.08,-68.15,11228821,1.2619,0.00432
DOM,20.15,-68.87,11228821,0.8656,0.00432
DOM,19.21,-69.09,11228821,0.0998,0.00432
DOM,21.81,-71.18,11228821,0.2971,0.00432
FJI,-16.1,-149.66,929766,0.887,0.00432
FJI,-14.5,-146.43,929766,0.1715,0.00432
FJI,-14.41,-146.41,929766,0.1412,0.00432
FJI,-17.14,-149.74,929766,0.2072,0.00432
FJI,-16.61,-149.32,929766,0.4474,0.00432
FJI,-14.92,-147,929766,0.3953,0.00432
GTM,10.26,-93.01,17357886,4.0642,0.00432
HND,16.86,-85.95,10432860,0.3568,0.00432
HND,16.68,-83.53,10432860,0.8251,0.00432
HND,17.3,-81.98,10432860,1.9355,0.00432
HND,17.3,-82,10432860,1.9156,0.00432
HND,16.35,-84.48,10432860,0.509,0.00432
HND,16.68,-81.52,10432860,2.3294,0.00432
HND,18.03,-85.26,10432860,1.4537,0.00432
HND,17.74,-86.02,10432860,1.2344,0.00432
HND,16.72,-83.78,10432860,0.7036,0.00432
HND,16.53,-85.58,10432860,0.2391,0.00432
HND,16.32,-85.9,10432860,0.0956,0.00432
HND,17.57,-84.33,10432860,0.4173,0.00432
HND,16.58,-82.21,10432860,1.7712,0.00432
HND,17.55,-83.58,10432860,0.3602,0.00432
HND,17.44,-83.88,10432860,0.0434,0.00432
HND,17.46,-85.87,10432860,0.943,0.00432
HND,17.1,-85.95,10432860,0.5911,0.00432
HTI,18.75,-75.43,11584996,0.5201,0.00432
HTI,16.75,-74.58,11584996,1.4548,0.00432
HTI,18.62,-74.75,11584996,0.3156,0.00432
JAM,16.25,-74.98,2827377,2.0571,0.00432
JAM,17.08,-78.18,2827377,0.8957,0.00432
JAM,17.65,-80.42,2827377,1.7829,0.00432
JAM,18.72,-77.45,2827377,0.2444,0.00432
JAM,17.07,-76.4,2827377,0.7917,0.00432
JAM,17.23,-80.32,2827377,2.1995,0.00432
JAM,17.32,-76.67,2827377,0.5517,0.00432
JAM,18.72,-78.92,2827377,0.6847,0.00432
JAM,18.25,-78.69,2827377,0.3157,0.00432
JAM,17.24,-77.53,2827377,0.5708,0.00432
JAM,15.82,-76.78,2827377,1.9208,0.00432
JAM,17.35,-77.3,2827377,0.3726,0.00432
JAM,17.35,-77.3,2827377,0.3726,0.00432
JAM,17.58,-77.97,2827377,0.3558,0.00432
JAM,18.35,-76.23,2827377,0.2287,0.00432
JAM,16.85,-77.25,2827377,0.8571,0.00432
JAM,16.2,-79.83,2827377,2.5099,0.00432
JAM,16.75,-79.58,2827377,1.9216,0.00432
JAM,17.6,-77.23,2827377,0.1129,0.00432
JAM,16.8,-75.32,2827377,1.4134,0.00432
JAM,18.38,-76.12,2827377,0.3219,0.00432
JAM,17.88,-76.13,2827377,0.068,0.00432
JAM,16.73,-77.91,2827377,1.1389,0.00432
MEX,17.73,-86.53,127504125,1.0785,0.00432
MEX,23.8,-108.52,127504125,0.9685,0.00432
MEX,26.88,-111.12,127504125,0.4771,0.00432
NIC,16.67,-81.35,6948392,2.4431,0.00432
NIC,16.81,-81.25,6948392,2.455,0.00432
PRI,16.47,-63.63,3221789,0.7671,0.00432
PRI,16.63,-63.5,3221789,0.9375,0.00432
PRI,16.48,-65.9,3221789,1.4729,0.00432
PRI,16.48,-65.9,3221789,1.4729,0.00432
PRI,17.23,-66.87,3221789,0.7017,0.00432
PRI,17.98,-63.98,3221789,0.6203,0.00432
PRI,20.68,-58.57,3221789,4.3818,0.00432
PRI,15.2,-63.7,3221789,0.4982,0.00432
PRI,15.2,-63.7,3221789,0.4982,0.00432
PRI,28.17,-57.8,3221789,8.0298,0.00432
PRI,22.07,-59.27,3221789,5.0447,0.00432
PRI,19.7,-59.35,3221789,3.1474,0.00432
PRI,18.83,-59.35,3221789,2.6678,0.00432
PRI,22.7,-58.55,3221789,5.9579,0.00432
PRI,15.28,-64.43,3221789,0.8918,0.00432
PRI,17.67,-63.58,3221789,0.3319,0.00432
PRI,17.38,-63.13,3221789,0.1728,0.00432
PRI,15.88,-62.28,3221789,0.5511,0.00432
PRI,17.07,-64.15,3221789,0.7951,0.00432
PRI,20.15,-59.66,3221789,3.2438,0.00432
PRI,17.12,-59.78,3221789,1.4355,0.00432
PRI,24.1,-58.43,3221789,7.2263,0.00432
PRI,24.1,-58.43,3221789,7.2263,0.00432
PRI,19.04,-59.72,3221789,2.4533,0.00432
PRI,15.73,-65.04,3221789,1.3967,0.00432
PRI,15.95,-64.6,3221789,0.9884,0.00432
PRI,24.84,-65.48,3221789,6.1888,0.00432
PRI,17.97,-64.61,3221789,0.2005,0.00432
PRI,16.71,-62.51,3221789,0.2754,0.00432
PRI,16.3,-64.72,3221789,1.232,0.00432
PRI,18.53,-59.6,3221789,2.3159,0.00432
PRI,27.92,-59.5,3221789,6.7978,0.00432
PRI,19.04,-60.33,3221789,1.9762,0.00432
PRI,19.04,-60.33,3221789,1.9762,0.00432
PRI,17.4,-63.33,3221789,0.2334,0.00432
PRI,17.38,-63.32,3221789,0.2485,0.00432
PRI,17.35,-60.75,3221789,0.9567,0.00432
PRI,21.65,-64.97,3221789,2.9591,0.00432
PRI,27.61,-62.26,3221789,5.2971,0.00432
PRI,30.61,-59.61,3221789,5.3356,0.00432
PRI,28.12,-58.29,3221789,7.6433,0.00432
PRI,21.68,-56.7,3221789,6.4526,0.00432
PRI,20.93,-57.13,3221789,5.6586,0.00432
PRI,18.29,-64.06,3221789,0.3437,0.00432
PRI,20.22,-58.76,3221789,3.9337,0.00432
PRI,18.07,-67.54,3221789,0.3054,0.00432
PRI,20.15,-59.65,3221789,3.2503,0.00432
TTO,13.05,-61.3,1531044,0.0587,0.00432
TTO,13.3,-61.32,1531044,0.0506,0.00432
TTO,14.58,-61.33,1531044,0.1913,0.00432
TTO,14.63,-58.93,1531044,1.4556,0.00432
TTO,13.15,-61.28,1531044,0.0349,0.00432
TTO,14.46,-61.18,1531044,0.0933,0.00432
TTO,13.95,-61.88,1531044,0.8045,0.00432
TTO,15.53,-59.1,1531044,1.932,0.00432
TTO,16.03,-60.29,1531044,0.7675,0.00432
TTO,14.58,-61.67,1531044,0.4988,0.00432
TTO,17.05,-57.73,1531044,3.3343,0.00432
TTO,14.35,-59.76,1531044,1.0162,0.00432
USA,40.93,-70.65,333287557,0.3524,0.00432
USA,41.01,-70.59,333287557,0.3186,0.00432
USA,41.6,-69.21,333287557,0.7326,0.00432
USA,40.77,-68.69,333287557,1.3642,0.00432
USA,33.63,-64.68,333287557,1.2413,0.00432
USA,35.18,-65.78,333287557,3.0017,0.00432
USA,42.61,-68.19,333287557,1.474,0.00432
USA,40.85,-70.62,333287557,0.4376,0.00432
USA,39.03,-68.33,333287557,2.7579,0.00432
USA,40.77,-70.62,333287557,0.5115,0.00432
USA,40.88,-69.19,333287557,0.8605,0.00432
USA,39.67,-70.42,333287557,1.6022,0.00432
USA,43.43,-67.92,333287557,0.8543,0.00432
USA,37.67,-67.93,333287557,4.1186,0.00432
USA,24.57,-80.62,333287557,0.3012,0.00432
USA,24.42,-80.14,333287557,0.6882,0.00432
USA,26.22,-79.93,333287557,0.1569,0.00432
USA,40.27,-70.18,333287557,0.9753,0.00432
USA,37.65,-67.72,333287557,4.2433,0.00432
USA,25.5,-79.43,333287557,0.153,0.00432
USA,42.5,-69.6,333287557,0.6445,0.00432
USA,41.34,-70.94,333287557,0.0712,0.00432
USA,39.78,-71.89,333287557,1.1951,0.00432
USA,34.2,-66.59,333287557,2.5523,0.00432
USA,38.4,-70.57,333287557,2.8575,0.00432
USA,25.23,-80.05,333287557,0.2318,0.00432
USA,31.39,-74,333287557,4.079,0.00432
USA,31.13,-73.41,333287557,4.6249,0.00432
USA,41.89,-69.17,333287557,0.7565,0.00432
USA,30.43,-78.7,333287557,2.5421,0.00432
USA,32.03,-66.94,333287557,2.0695,0.00432
USA,37.62,-65.65,333287557,5.3212,0.00432
USA,40.5,-67.68,333287557,2.4062,0.00432
USA,39.28,-68.57,333287557,2.4147,0.00432
USA,32.67,-64.48,333287557,0.3429,0.00432
USA,43.82,-69.5,333287557,0.0197,0.00432
USA,41.36,-71.05,333287557,0.115,0.00432
USA,40.45,-69.42,333287557,0.9688,0.00432
USA,40.15,-69.48,333287557,1.2025,0.00432
USA,41.7,-69.55,333287557,0.3847,0.00432
USA,41.25,-67.6,333287557,2.3579,0.00432
USA,25.37,-82.42,333287557,0.8222,0.00432
USA,40.93,-70.42,333287557,0.398,0.00432
USA,41.25,-71.25,333287557,0.2228,0.00432
USA,40.22,-70.27,333287557,1.0356,0.00432
USA,36.52,-66.62,333287557,4.5597,0.00432
USA,31.97,-75.12,333287557,2.9748,0.00432
USA,31.83,-67.58,333287557,2.7318,0.00432
USA,30.68,-66.73,333287557,2.4342,0.00432
USA,40.05,-70.1,333287557,1.1918,0.00432
USA,43.2,-68.7,333287557,0.8117,0.00432
USA,42.42,-69.08,333287557,1.0156,0.00432
USA,42.18,-70.43,333287557,0.2165,0.00432
USA,39.4,-69.83,333287557,1.8472,0.00432
USA,36.54,-65.76,333287557,4.2905,0.00432
USA,25.02,-79.9,333287557,0.4713,0.00432
USA,41.99,-69.46,333287557,0.4889,0.00432
USA,40.7,-70.3,333287557,0.5707,0.00432
USA,25.52,-82.94,333287557,1.2138,0.00432
USA,41.32,-71.12,333287557,0.1627,0.00432
USA,41.91,-69.51,333287557,0.4209,0.00432
USA,41.38,-68.33,333287557,1.6311,0.00432
USA,38.84,-69.05,333287557,2.5781,0.00432
USA,26.53,-79.6,333287557,0.4362,0.00432
USA,32.77,-74.83,333287557,2.4902,0.00432
USA,42.84,-69.17,333287557,1.0523,0.00432
USA,42.58,-69.95,333287557,0.5333,0.00432
USA,43.34,-68.18,333287557,0.8065,0.00432
USA,39.73,-68.55,333287557,2.0778,0.00432
USA,28.6,-80.02,333287557,0.524,0.00432
USA,31.15,-71.04,333287557,6.0728,0.00432
USA,42.56,-69.49,333287557,0.7652,0.00432
USA,24.88,-79.83,333287557,0.6005,0.00432
USA,39,-73.45,333287557,0.957,0.00432
USA,42.1,-70.4,333287557,0.158,0.00432
USA,40.71,-70.08,333287557,0.5321,0.00432
USA,40.74,-70.57,333287557,0.5584,0.00432
USA,40.35,-70.97,333287557,0.912,0.00432
USA,40.12,-71.92,333287557,0.8669,0.00432
USA,-11.65,-141.91,333287557,2.6098,0.00432
USA,14.55,-150.85,333287557,6.3124,0.00432
USA,16.29,-151.6,333287557,4.5251,0.00432
USA,19.86,-154.98,333287557,0.1071,0.00432
USA,18.54,-170.6,333287557,2.0761,0.00432
USA,32.21,-120.45,333287557,1.3624,0.00432
USA,8.64,-148.13,333287557,11.3456,0.00432
USA,23.35,-144.31,333287557,11.1851,0.00432
USA,23.52,-141.63,333287557,13.7814,0.00432
USA,19.8,-143.03,333287557,11.7877,0.00432
USA,20.14,-148.94,333287557,5.9081,0.00432
USA,15.25,-157.55,333287557,4.109,0.00432
USA,28.72,-140.03,333287557,17.4185,0.00432
USA,18.46,-157.58,333287557,1.7835,0.00432
USA,16.28,-160.37,333287557,5.2657,0.00432
USA,19.43,-145.47,333287557,9.3444,0.00432
USA,11.44,-156.82,333287557,7.478,0.00432
USA,19.43,-145.47,333287557,9.3444,0.00432
USA,11.44,-156.82,333287557,7.478,0.00432
USA,19.43,-145.47,333287557,9.3444,0.00432
USA,11.44,-156.82,333287557,7.478,0.00432
USA,19.43,-145.47,333287557,9.3444,0.00432
USA,11.44,-156.82,333287557,7.478,0.00432
USA,19.43,-145.47,333287557,9.3444,0.00432
USA,11.44,-156.82,333287557,7.478,0.00432
USA,19.43,-145.47,333287557,9.3444,0.00432
USA,11.44,-156.82,333287557,7.478,0.00432
USA,19.43,-145.47,333287557,9.3444,0.00432
USA,11.44,-156.82,333287557,7.478,0.00432
USA,19.43,-145.47,333287557,9.3444,0.00432
USA,11.44,-156.82,333287557,7.478,0.00432
USA,19.43,-145.47,333287557,9.3444,0.00432
USA,11.44,-156.82,333287557,7.478,0.00432
USA,19.43,-145.47,333287557,9.3444,0.00432
USA,11.44,-156.82,333287557,7.478,0.00432
USA,19.43,-145.47,333287557,9.3444,0.00432
USA,11.44,-156.82,333287557,7.478,0.00432
USA,19.43,-145.47,333287557,9.3444,0.00432
USA,11.44,-156.82,333287557,7.478,0.00432
USA,19.43,-145.47,333287557,9.3444,0.00432
USA,11.44,-156.82,333287557,7.478,0.00432
USA,19.43,-145.47,333287557,9.3444,0.00432
USA,11.44,-156.82,333287557,7.478,0.00432
USA,19.43,-145.47,333287557,9.3444,0.00432
USA,11.44,-156.82,333287557,7.478,0.00432
USA,19.43,-145.47,333287557,9.3444,0.00432
USA,11.44,-156.82,333287557,7.478,0.00432
USA,19.43,-145.47,333287557,9.3444,0.00432
USA,11.44,-156.82,333287557,7.478,0.00432
VEN,13.63,-62.7,28301696,1.4695,0.00432
VEN,11.45,-64.6,28301696,0.3676,0.00432
VEN,11.25,-66.87,28301696,0.4974,0.00432
VEN,11.83,-68.02,28301696,0.2932,0.00432
VEN,12.3,-68.83,28301696,0.1266,0.00432
VEN,11.3,-66.55,28301696,0.4702,0.00432
VEN,12.22,-68.08,28301696,0.1111,0.00432
VEN,10.47,-64.71,28301696,0.2354,0.00432
VEN,10.72,-65.15,28301696,0.1883,0.00432
VEN,11.42,-66.5,28301696,0.3632,0.00432
VEN,13.07,-64.42,28301696,1.1857,0.00432
VEN,12.39,-63.05,28301696,1.316,0.00432
VEN,12.97,-70.23,28301696,0.3834,0.00432
VEN,12.53,-67.98,28301696,0.3803,0.00432
VEN,11.1,-64.52,28301696,0.1491,0.00432
VEN,11.1,-64.52,28301696,0.1491,0.00432
VEN,10.32,-64.93,28301696,0.2206,0.00432
VEN,13.82,-69.73,28301696,1.2299,0.00432
VEN,11.17,-67.28,28301696,0.6079,0.00432
TTO,13.79,-59.82,1531044,0.49,0.0043
TTO,13.35,-59.86,1531044,0.2115,0.0043
USA,31.06,-143.46,333287557,16.1393,0.004292
CUB,24.45,-83.91,11212191,1.6001,0.004284
JPN,36.995,146.49,125124989,5.0366,0.004267
MEX,-8.53,-123.12,127504125,15.6216,0.004236
MEX,13.31,-117.78,127504125,5.8394,0.004236
USA,12.15,-159.95,333287557,6.2029,0.004236
BHS,25.92,-75.6,409984,0.9373,0.004224
MAR,22.39117,-20.66398,37457971,3.7471,0.004222
SLE,4.47815,-15.9218,8605718,4.2859,0.004206
CAN,53.43,-135.65,38929902,2.5013,0.004152
PRI,15.26,-62.65,3221789,1.0763,0.004152
GBR,55.985667,-2.985667,66971395,0.0269,0.004121
PER,-23.71,-118.113,34049588,6.7342,0.00412
BHS,26.41,-78.76,409984,0.0914,0.004112
CAN,43.8,-63.19,38929902,0.7628,0.004112
CAN,43.8,-63.19,38929902,0.7628,0.004112
CRI,6.13,-86.51,5180829,0.7968,0.004112
DOM,15.12,-68.68,11228821,2.7706,0.004112
TTO,12.32,-59.71,1531044,0.7516,0.004112
USA,26.33,-79.73,333287557,0.3433,0.004112
USA,20.85,-157.7,333287557,0.4096,0.004112
GBR,60.6995,-1.402667,66971395,0.0856,0.004064
NZL,-40.05475,160.11415,5124100,8.5245,0.004057
CAN,43.02,-64.72,38929902,0.7601,0.004056
TTO,16.68,-59.05,1531044,1.9677,0.004056
BHS,25.47,-75.28,409984,0.8812,0.004048
HTI,17.24,-74.22,11584996,0.8568,0.004048
GRL,71.6275,-55.9675,56661,0.0833,0.00401
AUS,-33.9198,151.261,26005540,0.0184,0.004
AUS,-33.799,151.2916,26005540,0.0155,0.004
BRA,0,-42,215313498,2.6548,0.004
BRA,15.8907,-43.1035,215313498,14.1998,0.004
BRA,16.4902,-42.6975,215313498,14.9236,0.004
BRA,-26.877,-45.608,215313498,2.8228,0.004
CAN,41.96,-64.61,38929902,1.7351,0.004
CAN,31.6353,-53.9019,38929902,10.7707,0.004
CAN,49.4856,-124.3535,38929902,0.0035,0.004
CAN,42.8,-59.9,38929902,1.1157,0.004
CAN,40.4,-44.01,38929902,10.9826,0.004
CAN,42.1,-35.3,38929902,4.7886,0.004
CHL,-54.5059,-72.023,19603733,0.0153,0.004
CHL,-53.8642,-72.1865,19603733,0.0361,0.004
CHL,-55.9607,-67.2237,19603733,0.0631,0.004
CRI,8.3982,-83.3481,5180829,0.0088,0.004
CRI,10.8505,-85.798,5180829,0.0009,0.004
ESH,21.1433,-27.3617,4000,4.5255,0.004
ESP,35.9716,-5.5907,47778340,0.0389,0.004
FJI,-20.0241,-167.7453,929766,2.2504,0.004
FLK,-47.0032,-56.422,2840,4.6185,0.004
GRL,50.5695,-36.1633,56661,11.7393,0.004
IDN,0.31,128.16,275501339,0.1091,0.004
IDN,-8.6522,119.713,275501339,0.0015,0.004
MAR,22.781,-19.501,37457971,2.7154,0.004
MAR,22.3413,-19.9525,37457971,3.0377,0.004
MAR,24.591,-17.8492,37457971,2.0621,0.004
MAR,25.6064,-23.6696,37457971,5.9016,0.004
MAR,23.3667,-28.1833,37457971,6.8856,0.004
MAR,22.5127,-26.7275,37457971,5.5578,0.004
MAR,23.5167,-35.6167,37457971,12.1184,0.004
MAR,24.8857,-18.8101,37457971,2.8748,0.004
MDG,-9.3669,46.2852,29611714,0.0156,0.004
MEX,20.3962,-87.3132,127504125,0.0073,0.004
MEX,17.7495,-87.025,127504125,0.74,0.004
MEX,28.3849,-118.7021,127504125,0.6358,0.004
MEX,32.2614,-116.9911,127504125,0,0.004
MEX,20.763,-105.521,127504125,0.0018,0.004
MEX,24.7788,-112.2569,127504125,0.0025,0.004
NAM,-40.3584,-9.8812,2567012,0.0233,0.004
NZL,-45.9087,170.5128,5124100,0.0128,0.004
PER,-2.52,-94.4,34049588,3.3216,0.004
PER,-5.11,-102.52,34049588,11.796,0.004
SEN,16.6899,-28.0377,17316449,2.7021,0.004
SEN,17.0986,-29.987,17316449,4.6268,0.004
SEN,16.35,-31.3,17316449,5.9813,0.004
SEN,16,-32,17316449,6.7229,0.004
SEN,17.043,-32.8539,17316449,7.4935,0.004
SUR,9.1,-55.8,618040,3.1171,0.004
SUR,14.1598,-51.9606,618040,7.5329,0.004
THA,10.0888,99.8253,71697030,0.3297,0.004
TTO,14.5984,-61.0695,1531044,0.0072,0.004
TTO,15.1867,-54.7137,1531044,5.1303,0.004
TTO,14.25,-56.83,1531044,2.8162,0.004
TTO,14.7228,-54.846,1531044,4.84,0.004
TTO,16.1198,-53.8882,1531044,6.2798,0.004
TTO,16.4672,-53.672,1531044,6.6373,0.004
TTO,18.2261,-57.0836,1531044,4.3344,0.004
TTO,13.9238,-59.2152,1531044,0.7006,0.004
TTO,14.3867,-53.965,1531044,5.5979,0.004
TTO,15.23,-56.21,1531044,3.8252,0.004
TTO,14.4717,-59.5403,1531044,1.1295,0.004
TTO,14.8983,-54.59,1531044,5.1397,0.004
TTO,15.185,-53.7267,1531044,6.0491,0.004
TTO,13.4679,-57.3867,1531044,2.0633,0.004
TUN,33.8636,10.9744,12356117,0.007,0.004
URY,-34.53,-53.86,3422794,0.0936,0.004
USA,36.8463,-76.3002,333287557,0.0046,0.004
USA,32.9254,-117.2495,333287557,0.0116,0.004
USA,24.8316,-144.2614,333287557,11.8201,0.004
USA,58.8857,-152.1576,333287557,0.0567,0.004
USA,38.7202,-75.0895,333287557,0.0167,0.004
USA,41.3929,-71.4203,333287557,0.0369,0.004
USA,41.5633,-71.2367,333287557,0.0035,0.004
USA,41.5371,-71.4044,333287557,0.0107,0.004
USA,32.6315,-117.1042,333287557,0.0036,0.004
USA,20.6916,-156.445,333287557,0.0014,0.004
USA,37.6317,-76.4366,333287557,0.01,0.004
USA,37.6259,-76.4096,333287557,0.0156,0.004
USA,19.4329,-156.1535,333287557,0.2132,0.004
USA,30,-144,333287557,15.0213,0.004
USA,31.95,-124.083,333287557,4.1898,0.004
CHL,-53.198333,-73.33,19603733,0.0181,0.003995
BHS,25.42,-76.03,409984,0.2841,0.003928
BHS,27.69,-75.45,409984,1.9838,0.003928
BHS,25.05,-73.83,409984,1.1047,0.003928
CUB,23.33,-74.62,11212191,0.3776,0.003928
CUB,24.14,-81.35,11212191,0.4915,0.003928
DOM,29.13,-65.53,11228821,3.1898,0.003928
HND,16.33,-85.63,10432860,0.2475,0.003928
JAM,17.13,-78.12,2827377,0.8227,0.003928
PRI,14.93,-66.75,3221789,3.0046,0.003928
PRI,17.02,-63,3221789,0.3526,0.003928
PRI,17.39,-64.99,3221789,0.3077,0.003928
USA,39.88,-69.52,333287557,1.4406,0.003928
USA,40.79,-70.57,333287557,0.5134,0.003928
USA,24.29,-81.25,333287557,0.3594,0.003928
USA,40.6,-67.99,333287557,2.0806,0.003928
USA,30.84,-65.66,333287557,1.6197,0.003928
USA,39.42,-69.98,333287557,1.8194,0.003928
GBR,57.7625,-3.0245,66971395,0.0908,0.003912
FJI,-14.5595,-170.636333,929766,0.2163,0.003886
PRI,22.68,-58.76,3221789,5.8295,0.00388
USA,15.94,-162.49,333287557,6.269,0.00388
AUS,-16.167167,145.826833,26005540,0.3666,0.003852
CAN,43.34,-64.3,38929902,0.7224,0.003848
CAN,40.45,-66.61,38929902,3.1298,0.003844
BHS,25.9,-76.1,409984,0.6152,0.003812
HND,16.47,-84.78,10432860,0.5265,0.003812
USA,35.53,-64.83,333287557,3.1451,0.003812
VEN,11.47,-62.59,28301696,0.7174,0.003812
CAN,41.56,-65.07,38929902,1.9441,0.00378
CAN,41.13,-61.57,38929902,3.1661,0.00378
GIN,6.83957,-17.80996,13859341,4.5022,0.003779
USA,17.47,-170.01,333287557,0.8559,0.003692
GBR,58.625667,-4.211,66971395,0.0728,0.003685
AUS,-34.60978,121.79283,26005540,0.6582,0.003664
GBR,58.15,-3.4555,66971395,0.0465,0.003657
CAN,39.05,-63.5,38929902,4.842,0.003656
BHS,25.98,-76.2,409984,0.6363,0.0036
BHS,30.48,-75.05,409984,4.3677,0.0036
CAN,44.12,-61.48,38929902,0.9804,0.0036
CAN,40.98,-65.82,38929902,2.4495,0.0036
CAN,43.43,-64.55,38929902,0.4932,0.0036
CAN,44.35,-59.49,38929902,0.3997,0.0036
CUB,19.82,-79.6,11212191,0.148,0.0036
CUB,24.01,-73.71,11212191,0.7206,0.0036
DOM,27.76,-68.42,11228821,5.7261,0.0036
DOM,16.58,-70.77,11228821,1.2121,0.0036
HTI,18.15,-74.89,11584996,0.2718,0.0036
JAM,17.17,-78.28,2827377,0.8686,0.0036
PRI,16.6,-63.07,3221789,0.681,0.0036
PRI,25.68,-57.85,3221789,8.8962,0.0036
PRI,17.35,-60.75,3221789,0.9567,0.0036
PRI,19.38,-57.75,3221789,4.3512,0.0036
PRI,19.16,-60.71,3221789,1.8156,0.0036
PRI,20.07,-57.93,3221789,4.5156,0.0036
TTO,13.6,-60.73,1531044,0.2436,0.0036
USA,32.06,-64.65,333287557,0.2466,0.0036
USA,39.12,-66.41,333287557,4.1458,0.0036
USA,41.03,-70.57,333287557,0.3182,0.0036
USA,24.88,-82.97,333287557,0.8729,0.0036
USA,24.19,-80.81,333287557,0.5684,0.0036
USA,39.42,-70.57,333287557,1.8427,0.0036
USA,9.37,-160.68,333287557,3.3857,0.0036
GBR,57.743333,-2.615333,66971395,0.0531,0.003574
PRI,24.7,-58.21,3221789,7.8596,0.00352
MDG,-17.4705,43.450667,29611714,0.4793,0.00349
DNK,55.806167,12.619667,5903037,0.0195,0.003462
JAM,17.2,-77.03,2827377,0.5192,0.003456
PRI,25.58,-56.28,3221789,9.615,0.003456
USA,8.38,-151.97,333287557,8.3406,0.003456
USA,8.38,-151.97,333287557,8.3406,0.003456
USA,8.38,-151.97,333287557,8.3406,0.003456
USA,8.38,-151.97,333287557,8.3406,0.003456
USA,8.38,-151.97,333287557,8.3406,0.003456
USA,8.38,-151.97,333287557,8.3406,0.003456
USA,8.38,-151.97,333287557,8.3406,0.003456
USA,8.38,-151.97,333287557,8.3406,0.003456
USA,8.38,-151.97,333287557,8.3406,0.003456
USA,8.38,-151.97,333287557,8.3406,0.003456
USA,8.38,-151.97,333287557,8.3406,0.003456
USA,8.38,-151.97,333287557,8.3406,0.003456
USA,8.38,-151.97,333287557,8.3406,0.003456
USA,8.38,-151.97,333287557,8.3406,0.003456
USA,8.38,-151.97,333287557,8.3406,0.003456
USA,8.38,-151.97,333287557,8.3406,0.003456
USA,8.38,-151.97,333287557,8.3406,0.003456
GNB,7.934667,-28.43095,2105566,7.1072,0.003448
MDG,-23.581333,43.654333,29611714,0.0388,0.003422
HTI,20.05,-73.52,11584996,0.2464,0.003352
CHL,-46.451667,-75.495,19603733,0.0616,0.00335
BHS,28,-69.51,409984,6.2749,0.003324
JAM,15.85,-75.45,2827377,2.1893,0.003324
USA,41.62,-69.26,333287557,0.681,0.003324
USA,27.33,-142.18,333287557,14.8588,0.003324
USA,27.33,-142.18,333287557,14.8588,0.003324
USA,27.33,-142.18,333287557,14.8588,0.003324
USA,27.33,-142.18,333287557,14.8588,0.003324
USA,27.33,-142.18,333287557,14.8588,0.003324
USA,27.33,-142.18,333287557,14.8588,0.003324
USA,27.33,-142.18,333287557,14.8588,0.003324
USA,27.33,-142.18,333287557,14.8588,0.003324
USA,27.33,-142.18,333287557,14.8588,0.003324
USA,27.33,-142.18,333287557,14.8588,0.003324
USA,27.33,-142.18,333287557,14.8588,0.003324
USA,27.33,-142.18,333287557,14.8588,0.003324
USA,27.33,-142.18,333287557,14.8588,0.003324
USA,27.33,-142.18,333287557,14.8588,0.003324
USA,27.33,-142.18,333287557,14.8588,0.003324
USA,27.33,-142.18,333287557,14.8588,0.003324
USA,27.33,-142.18,333287557,14.8588,0.003324
MAR,23.632667,-21.615833,37457971,4.9934,0.003319
FJI,-16.7235,-151.097667,929766,0.0465,0.003295
USA,40.65,-69.15,333287557,1.0134,0.003292
DOM,16.3,-71.58,11228821,1.2468,0.003288
PRI,23.3,-56.76,3221789,7.5242,0.003272
PRI,23.28,-56.77,3221789,7.5027,0.003272
ZAF,-35.25582,13.65739,59893885,4.7866,0.003263
PRI,19.49,-57.91,3221789,4.2514,0.003256
ZAF,-31.72894,13.78313,59893885,3.7612,0.003242
DOM,24.84,-71.45,11228821,2.8115,0.00324
GBR,57.608833,-3.880333,66971395,0.0203,0.003221
CAN,41.64,-63.63,38929902,2.5012,0.00322
USA,29.78,-80.52,333287557,0.6763,0.0032
DOM,20.73,-69.88,11228821,1.0529,0.003192
GBR,58.0035,-6.097333,66971395,0.2202,0.003185
USA,14.71,-157.43,333287557,4.5484,0.003176
NZL,-39.95148,160.418,5124100,8.3559,0.003168
USA,25.61,-79.94,333287557,0.229,0.00316
FJI,-19.3202,-178.29195,929766,0.1839,0.003141
USA,40.38,-157.49,333287557,14.5203,0.003132
USA,40.62,-68.73,333287557,1.3881,0.003128
NAM,-20.23789,3.0499,2567012,9.0397,0.003122
AUS,-37.8891,139.82588,26005540,0.427,0.003106
CUB,24.17,-83.48,11212191,1.1954,0.0031
TTO,16.97,-58.55,1531044,2.5177,0.003092
CUB,23.5,-74.7,11212191,0.1921,0.003088
JAM,18.48,-79.16,2827377,0.8141,0.003088
PRI,17.72,-66.9,3221789,0.2113,0.003088
TTO,11.87,-61.33,1531044,0.3481,0.003088
USA,41.05,-70.67,333287557,0.2379,0.003088
USA,33.52,-65.08,333287557,1.2013,0.003088
BHS,24.35,-74.27,409984,0.281,0.003084
CAN,41.39,-64.07,38929902,2.4985,0.003084
CAN,46.74,-57.59,38929902,0.8626,0.003084
CAN,42.25,-61.83,38929902,2.4084,0.003084
CUB,19.73,-79.26,11212191,0.4667,0.003084
CUB,24.19,-81.84,11212191,0.3535,0.003084
HTI,17.3,-74.98,11584996,1.0954,0.003084
NIC,16.24,-81.2,6948392,2.296,0.003084
PRI,16.9,-64.06,3221789,0.9872,0.003084
PRI,29.45,-60.07,3221789,5.426,0.003084
TTO,11.55,-59.95,1531044,0.6091,0.003084
USA,25.13,-82.92,333287557,0.9424,0.003084
USA,40.6,-67.99,333287557,2.0806,0.003084
USA,41.33,-70.91,333287557,0.0659,0.003084
USA,40.49,-69.52,333287557,0.8813,0.003084
USA,26.51,-79.64,333287557,0.3999,0.003084
USA,39.28,-71.21,333287557,1.89,0.003084
USA,42.83,-70.46,333287557,0.2151,0.003084
USA,2.89,-137.24,333287557,11.3695,0.003084
USA,2.89,-137.24,333287557,11.3695,0.003084
USA,2.89,-137.24,333287557,11.3695,0.003084
USA,2.89,-137.24,333287557,11.3695,0.003084
USA,2.89,-137.24,333287557,11.3695,0.003084
USA,2.89,-137.24,333287557,11.3695,0.003084
USA,2.89,-137.24,333287557,11.3695,0.003084
USA,2.89,-137.24,333287557,11.3695,0.003084
USA,2.89,-137.24,333287557,11.3695,0.003084
USA,2.89,-137.24,333287557,11.3695,0.003084
USA,2.89,-137.24,333287557,11.3695,0.003084
USA,2.89,-137.24,333287557,11.3695,0.003084
USA,2.89,-137.24,333287557,11.3695,0.003084
USA,2.89,-137.24,333287557,11.3695,0.003084
USA,2.89,-137.24,333287557,11.3695,0.003084
USA,2.89,-137.24,333287557,11.3695,0.003084
USA,2.89,-137.24,333287557,11.3695,0.003084
VEN,11.88,-62.24,28301696,0.4675,0.003084
PRI,18.68,-64.96,3221789,0.2936,0.00306
PRI,20.82,-58.14,3221789,4.7951,0.00306
GBR,58.663833,-5.012667,66971395,0.0431,0.00305
AUS,-53.62655,149.31004,26005540,9.584,0.003016
USA,-17.11,-140.77,333287557,0.5862,0.003008
ARG,-54.7767,-64.0488,46234830,0.0078,0.003
AUS,-42.9137,147.3604,26005540,0.001,0.003
BHS,24.3617,-76.5283,409984,0.0682,0.003
BLZ,16.7994,-87.8548,405272,0.3934,0.003
BRA,15.9367,-40.0933,215313498,14.7753,0.003
BRA,17.9376,-37.3475,215313498,12.0195,0.003
BRA,15.4182,-41.2341,215313498,15.0145,0.003
BRA,16.9997,-38.7717,215313498,13.4114,0.003
BRA,16.8559,-40.4542,215313498,15.0951,0.003
BRA,-12.7582,-38.6358,215313498,0.0534,0.003
CAN,32.6833,-62.5167,38929902,2.1541,0.003
CAN,49.4856,-124.3535,38929902,0.0035,0.003
CAN,48.4783,-125.0649,38929902,0.2329,0.003
CAN,67.4561,-95.3573,38929902,0.0207,0.003
CAN,38.967,-140.983,38929902,16.3476,0.003
CHL,-54.5453,-71.9082,19603733,0.025,0.003
CHL,-54.1233,-71.0079,19603733,0.0066,0.003
CHL,-55.9648,-67.2143,19603733,0.068,0.003
CHL,-56.5195,-68.7014,19603733,0.9982,0.003
CHL,-55.8344,-67.5218,19603733,0.002,0.003
CHL,-55.7586,-67.4849,19603733,0.0157,0.003
CHL,-55.7504,-67.4791,19603733,0.0078,0.003
CHL,-55.53,-67.6063,19603733,0.005,0.003
ECU,0.2891,-90.5589,18001000,0.0237,0.003
ECU,-0.57,-90.57,18001000,0.0385,0.003
ESH,22.2,-26.18,4000,5.1181,0.003
ESH,21.1739,-26.6103,4000,4.2513,0.003
ESH,20.5867,-33.88,4000,9.2215,0.003
ESH,19.8183,-36.2083,4000,11.1942,0.003
GBR,50.3226,-5.2224,66971395,0.0056,0.003
GBR,50.3201,-5.2333,66971395,0.0096,0.003
IDN,1.2817,108.13,275501339,0.5933,0.003
IDN,0.9283,107.473,275501339,0.0883,0.003
IDN,-8.1222,117.7528,275501339,0.0229,0.003
IDN,-8.6525,119.7133,275501339,0.0011,0.003
JPN,33.123,129.574,125124989,0.0838,0.003
MAR,24.3061,-18.1438,37457971,2.231,0.003
MAR,22.3,-20.07,37457971,3.1462,0.003
MAR,28.1244,-15.4155,37457971,0.0003,0.003
MAR,26.7518,-18.3423,37457971,0.9561,0.003
MAR,26.431,-17.0075,37457971,1.5532,0.003
MAR,23.08,-31,37457971,8.2424,0.003
MAR,33.0586,-16.3226,37457971,0.0073,0.003
MAR,25.6383,-19.64,37457971,2.5527,0.003
MDG,-18.5534,43.8379,29611714,0.2469,0.003
MEX,20.2988,-87.0054,127504125,0.0025,0.003
MEX,29.353,-120.2311,127504125,1.8775,0.003
MEX,22.8767,-109.8961,127504125,0.0013,0.003
MEX,24.4463,-110.3715,127504125,0.0018,0.003
MEX,21.7932,-105.8398,127504125,0.2627,0.003
MEX,23.5276,-108.5381,127504125,0.8846,0.003
MEX,26.2396,-112.4743,127504125,0.0042,0.003
MEX,18.8191,-110.933,127504125,0.0082,0.003
MEX,23.4624,-109.4078,127504125,0.0189,0.003
MEX,10.29,-109.2305,127504125,0.0033,0.003
MEX,10.2836,-109.2155,127504125,0.0005,0.003
MEX,10.3313,-109.2483,127504125,0.0273,0.003
MEX,10.301,-109.1698,127504125,0.0417,0.003
NAM,-37.2873,-12.6971,2567012,0.4055,0.003
PRI,16.3062,-61.7993,3221789,0.0034,0.003
PRI,18.3269,-64.7968,3221789,0.0019,0.003
SEN,18.3871,-24.08,17316449,1.5398,0.003
SEN,17.3928,-32.9782,17316449,7.6253,0.003
SEN,18.1069,-36.717,17316449,11.4052,0.003
SEN,18.9455,-29.6013,17316449,4.6417,0.003
TTO,13.01,-61.2434,1531044,0.0013,0.003
TTO,14.4583,-57.0817,1531044,2.6804,0.003
TTO,14.4767,-59.06,1531044,1.2599,0.003
TTO,14.2287,-59.4445,1531044,0.9,0.003
TTO,15.85,-53.6667,1531044,6.3572,0.003
TTO,16.5333,-51.6833,1531044,8.4463,0.003
TTO,18.7387,-51.42,1531044,9.7585,0.003
TTO,14.3432,-56.3115,1531044,3.3324,0.003
TTO,14.2614,-54.2809,1531044,5.2625,0.003
TTO,14.8288,-58.0586,1531044,2.1427,0.003
TTO,15.88,-53.5628,1531044,6.4641,0.003
TWN,24.342,124.147,23600000,0.0016,0.003
USA,40.3,-70.05,333287557,0.9405,0.003
USA,38.3314,-76.4596,333287557,0.0029,0.003
USA,32.7566,-117.2476,333287557,0.0066,0.003
USA,58.8857,-152.1576,333287557,0.0567,0.003
USA,58.1296,-136.4367,333287557,0.0144,0.003
USA,26.3461,-80.0731,333287557,0.0002,0.003
USA,47.8679,-122.635,333287557,0.0054,0.003
USA,25.1291,-80.3896,333287557,0.0038,0.003
USA,25.7429,-80.0865,333287557,0.0533,0.003
USA,57.3001,-133.7169,333287557,0.158,0.003
USA,32.6321,-117.1059,333287557,0.0024,0.003
USA,37.7882,-122.4913,333287557,0.0009,0.003
USA,46.23,-124.1466,333287557,0.0784,0.003
USA,39.8933,-76.5354,333287557,0.5169,0.003
USA,61.1444,-165.3639,333287557,0.0027,0.003
USA,25.7853,-81.4186,333287557,0.0164,0.003
USA,37.9133,-122.3433,333287557,0.0065,0.003
USA,35.617,-127.9,333287557,5.3217,0.003
USA,27,-129,333287557,10.8394,0.003
USA,31.083,-141.233,333287557,17.8288,0.003
USA,34.967,-128.983,333287557,6.5764,0.003
AUS,-33.11375,114.49077,26005540,0.6432,0.002965
CAN,42.98,-66.45,38929902,0.8311,0.002964
CAN,37.9,-58.8,38929902,6.1159,0.00292
BHS,26.2,-73.62,409984,2.2228,0.00288
CAN,41.95,-67.58,38929902,2.3116,0.00288
CAN,42.47,-67.22,38929902,1.6817,0.00288
CAN,43.02,-60.77,38929902,1.1306,0.00288
HTI,17.17,-74.75,11584996,1.1892,0.00288
PRI,19.06,-65.01,3221789,0.6564,0.00288
PRI,15.58,-62.67,3221789,0.9709,0.00288
PRI,15.2,-63.35,3221789,0.5706,0.00288
PRI,21.57,-60.01,3221789,4.2549,0.00288
TTO,12.92,-61.08,1531044,0.1024,0.00288
TTO,12.53,-61.62,1531044,0.1379,0.00288
USA,42.94,-70.46,333287557,0.2526,0.00288
VEN,11.47,-66.6,28301696,0.2944,0.00288
VEN,14.35,-70.1,28301696,1.7186,0.00288
PRI,18.08,-58.88,3221789,2.7303,0.00284
USA,40.7,-71.04,333287557,0.5919,0.00282
BRA,0.67,-29.257583,215313498,0.1981,0.002817
USA,42.62,-69.97,333287557,0.5659,0.002788
VEN,13.92,-70.35,28301696,1.3226,0.002788
TTO,14.6,-62.17,1531044,0.9664,0.002736
USA,42.17,-69.9,333287557,0.1994,0.002704
BHS,25.77,-76.93,409984,0.2567,0.0027
BHS,25.6,-76.97,409984,0.1294,0.0027
BHS,27.38,-69.51,409984,5.9138,0.0027
CAN,44.36,-63.18,38929902,0.2874,0.0027
CAN,33.64,-63.47,38929902,1.7333,0.0027
HND,16.54,-84.2,10432860,0.7314,0.0027
HTI,19.03,-74.49,11584996,0.4053,0.0027
JAM,17.11,-77.03,2827377,0.6069,0.0027
PRI,16.6,-66.1,3221789,1.327,0.0027
PRI,15.97,-61.95,3221789,0.2103,0.0027
PRI,23.53,-57.75,3221789,7.0927,0.0027
PRI,16.57,-60.48,3221789,0.5562,0.0027
PRI,18.5,-64.52,3221789,0.0121,0.0027
PRI,26.31,-65.09,3221789,5.9433,0.0027
USA,31.28,-67.12,333287557,2.4471,0.0027
USA,41.33,-68.35,333287557,1.6087,0.0027
USA,31.96,-64.42,333287557,0.4547,0.0027
USA,42.52,-70.05,333287557,0.4495,0.0027
USA,39.72,-68.86,333287557,1.8881,0.0027
USA,42.34,-70.32,333287557,0.2748,0.0027
USA,24.98,-79.77,333287557,0.6028,0.0027
USA,41.14,-70.94,333287557,0.1588,0.0027
USA,40.99,-70.38,333287557,0.327,0.0027
USA,42.04,-69.44,333287557,0.5251,0.0027
USA,35.99,-75.19,333287557,0.3812,0.0027
USA,40.04,-69.33,333287557,1.367,0.0027
VEN,13.7,-63.73,28301696,1.9963,0.0027
PRI,17.5,-62.31,3221789,0.3933,0.00268
USA,33.09,-156.27,333287557,11.2967,0.00266
USA,33.09,-156.27,333287557,11.2967,0.00266
USA,33.09,-156.27,333287557,11.2967,0.00266
USA,33.09,-156.27,333287557,11.2967,0.00266
USA,33.09,-156.27,333287557,11.2967,0.00266
USA,33.09,-156.27,333287557,11.2967,0.00266
USA,33.09,-156.27,333287557,11.2967,0.00266
USA,33.09,-156.27,333287557,11.2967,0.00266
USA,33.09,-156.27,333287557,11.2967,0.00266
USA,33.09,-156.27,333287557,11.2967,0.00266
USA,33.09,-156.27,333287557,11.2967,0.00266
USA,33.09,-156.27,333287557,11.2967,0.00266
USA,33.09,-156.27,333287557,11.2967,0.00266
USA,33.09,-156.27,333287557,11.2967,0.00266
USA,33.09,-156.27,333287557,11.2967,0.00266
USA,33.09,-156.27,333287557,11.2967,0.00266
USA,33.09,-156.27,333287557,11.2967,0.00266
USA,-8.9,-143.46,333287557,2.8686,0.00264
USA,-1.22,-152.27,333287557,3.8779,0.002636
AUS,-41.13447,152.28345,26005540,3.864,0.00262
USA,41.29,-68.76,333287557,1.1978,0.00258
TTO,13.13,-60.16,1531044,0.5148,0.00254
USA,38.6,-69.57,333287557,2.6742,0.00254
COL,14.08,-71.12,51874024,1.6829,0.002528
DOM,16.32,-69.31,11228821,1.8924,0.002516
USA,-13.85,-140.48,333287557,0.7731,0.002516
USA,41.89,-70.26,333287557,0.1461,0.0025
USA,39.75,-69.57,333287557,1.5504,0.002492
USA,32.35,-155.1,333287557,10.9859,0.002476
USA,-6.72,-140.21,333287557,1.3117,0.002456
ATA,-63.958561,-66.237266,40,1.5976,0.002449
ZAF,-34.40727,17.54742,59893885,0.8084,0.002441
BHS,30.06,-75.7,409984,3.6652,0.0024
BHS,26.09,-75.69,409984,0.9995,0.0024
CAN,42.08,-63.42,38929902,2.2527,0.0024
CAN,44.35,-63.62,38929902,0.0916,0.0024
CAN,39.29,-65.69,38929902,4.1325,0.0024
CAN,42.15,-67.63,38929902,2.1134,0.0024
CAN,41.67,-66.77,38929902,2.0909,0.0024
JAM,16.25,-76.18,2827377,1.6212,0.0024
JAM,17.91,-75.85,2827377,0.338,0.0024
PRI,28.55,-56.75,3221789,8.7718,0.0024
PRI,19.99,-65.14,3221789,1.4442,0.0024
PRI,17.38,-66.73,3221789,0.5833,0.0024
TTO,11.28,-60.14,1531044,0.3841,0.0024
USA,38.18,-69.3,333287557,3.1386,0.0024
USA,42.93,-69.62,333287557,0.796,0.0024
USA,40.47,-68.38,333287557,1.7682,0.0024
USA,42.31,-67.73,333287557,1.9254,0.0024
USA,42.15,-68.01,333287557,1.9399,0.0024
USA,42,-70.36,333287557,0.1288,0.0024
USA,44.05,-67.93,333287557,0.3074,0.0024
USA,40.74,-71.68,333287557,0.3678,0.0024
USA,8.7,-160.8,333287557,2.7564,0.0024
USA,19.36,-156.38,333287557,0.4508,0.0024
USA,18.95,-156.27,333287557,0.3851,0.0024
USA,19.51,-144.23,333287557,10.5841,0.0024
USA,17.55,-158.31,333287557,2.8457,0.0024
USA,27.84,-140.77,333287557,16.3294,0.0024
USA,27.84,-140.77,333287557,16.3294,0.0024
USA,27.84,-140.77,333287557,16.3294,0.0024
USA,27.84,-140.77,333287557,16.3294,0.0024
USA,27.84,-140.77,333287557,16.3294,0.0024
USA,27.84,-140.77,333287557,16.3294,0.0024
USA,27.84,-140.77,333287557,16.3294,0.0024
USA,27.84,-140.77,333287557,16.3294,0.0024
USA,27.84,-140.77,333287557,16.3294,0.0024
USA,27.84,-140.77,333287557,16.3294,0.0024
USA,27.84,-140.77,333287557,16.3294,0.0024
USA,27.84,-140.77,333287557,16.3294,0.0024
USA,27.84,-140.77,333287557,16.3294,0.0024
USA,27.84,-140.77,333287557,16.3294,0.0024
USA,27.84,-140.77,333287557,16.3294,0.0024
USA,27.84,-140.77,333287557,16.3294,0.0024
USA,27.84,-140.77,333287557,16.3294,0.0024
VEN,12.62,-68.48,28301696,0.3225,0.0024
VEN,14.1,-70.13,28301696,1.4701,0.0024
VEN,14.24,-66.07,28301696,2.4145,0.0024
USA,31.39,-63.55,333287557,1.4646,0.002348
NZL,-39.31473,163.58022,5124100,6.6949,0.002307
HND,17.95,-84.13,10432860,0.5639,0.002276
USA,40.93,-70.65,333287557,0.3524,0.002276
PRI,18.6,-64.94,3221789,0.2136,0.002272
PRI,18.5,-60.73,3221789,1.3191,0.00226
PRI,18.28,-58.25,3221789,3.353,0.002232
CAN,39.57,-66.27,38929902,3.9051,0.002228
USA,19.81,-171.91,333287557,3.867,0.002228
FJI,-17.763,-149.578333,929766,0.0255,0.002212
DOM,21.17,-71.41,11228821,0.2392,0.002204
USA,-6.66,-146.51,333287557,5.9335,0.0022
MEX,23.89,-109.37,127504125,0.3389,0.00218
USA,23.89,-174.74,333287557,2.3015,0.00218
NZL,-39.31105,163.59665,5124100,6.6882,0.002178
USA,28.72,-140.03,333287557,17.4185,0.002176
BHS,29.25,-76.18,409984,2.7237,0.002164
HTI,16.67,-74,11584996,1.3621,0.002164
USA,28.54,-140.09,333287557,17.2729,0.002164
BHS,25.97,-77.97,409984,0.2014,0.00216
BHS,25.53,-76.12,409984,0.2962,0.00216
BHS,26.3,-78.37,409984,0.296,0.00216
BHS,25.83,-73.38,409984,2.0035,0.00216
BHS,24.1,-77.03,409984,0.4828,0.00216
BHS,25.89,-77.83,409984,0.1094,0.00216
BHS,25.79,-76.42,409984,0.3457,0.00216
BHS,25.79,-76.42,409984,0.3457,0.00216
BHS,25.92,-77.85,409984,0.1337,0.00216
BHS,26.86,-79.48,409984,0.5076,0.00216
BHS,26.17,-78.08,409984,0.4295,0.00216
BHS,25.15,-75.16,409984,0.6862,0.00216
BHS,24.91,-74.74,409984,0.814,0.00216
BHS,25.67,-77.37,409984,0.2559,0.00216
BHS,25.91,-78.23,409984,0.366,0.00216
BHS,25.6,-77.13,409984,0.271,0.00216
BHS,25.65,-76.94,409984,0.1508,0.00216
BHS,25.85,-76.37,409984,0.4232,0.00216
BHS,26.55,-76.32,409984,0.7162,0.00216
BHS,26.1,-78.61,409984,0.3992,0.00216
BHS,28.1,-76.25,409984,1.7308,0.00216
BHS,25.94,-77.8,409984,0.1671,0.00216
BHS,25.93,-77.79,409984,0.1625,0.00216
BHS,28.5,-77.39,409984,1.5944,0.00216
CAN,42.9,-64.04,38929902,1.2258,0.00216
CAN,43.77,-63.98,38929902,0.575,0.00216
CAN,41.07,-65.38,38929902,2.3652,0.00216
CAN,42.38,-61.08,38929902,1.8358,0.00216
CAN,35.63,-62.01,38929902,4.1948,0.00216
CAN,44.32,-61.97,38929902,0.6611,0.00216
CAN,43.15,-63.38,38929902,1.3153,0.00216
CAN,39.03,-62.98,38929902,5.0873,0.00216
CAN,39,-63.12,38929902,5.0489,0.00216
CAN,39.57,-66.27,38929902,3.9051,0.00216
CAN,39.76,-65,38929902,3.7157,0.00216
CAN,40.35,-65.54,38929902,3.0733,0.00216
CAN,42.66,-64.39,38929902,1.2324,0.00216
CAN,42.66,-64.39,38929902,1.2324,0.00216
CAN,40.53,-62.1,38929902,3.9472,0.00216
CAN,41.17,-59.23,38929902,2.8244,0.00216
CAN,45,-58.55,38929902,1.52,0.00216
CAN,43.35,-62.98,38929902,1.2588,0.00216
CAN,33.2,-60.55,38929902,4.1812,0.00216
CAN,42.48,-61.87,38929902,2.2833,0.00216
CAN,44.23,-60.83,38929902,0.7499,0.00216
CAN,31.38,-59.92,38929902,4.8298,0.00216
CAN,42.36,-61.88,38929902,2.3694,0.00216
CAN,43.27,-67.3,38929902,1.2081,0.00216
CAN,39.73,-66.13,38929902,3.7259,0.00216
CAN,44.36,-62.33,38929902,0.4881,0.00216
CAN,46.35,-58.87,38929902,0.8789,0.00216
CAN,44.48,-62.25,38929902,0.4054,0.00216
CAN,43,-60.62,38929902,1.0687,0.00216
CAN,41.01,-66.33,38929902,2.5119,0.00216
CAN,44.22,-62.93,38929902,0.473,0.00216
CAN,39.54,-64.31,38929902,4.0999,0.00216
CAN,41.76,-65.05,38929902,1.7598,0.00216
CAN,42.63,-61.72,38929902,2.0721,0.00216
CAN,38.13,-65.45,38929902,5.2951,0.00216
CAN,40.87,-66.34,38929902,2.6493,0.00216
CAN,44.08,-61.99,38929902,0.882,0.00216
CAN,34.94,-58.23,38929902,6.9138,0.00216
CAN,42.15,-65.97,38929902,1.317,0.00216
COL,11.95,-77.68,51874024,2.5601,0.00216
COL,14.25,-75.4,51874024,3.1624,0.00216
COL,14.25,-75.4,51874024,3.1624,0.00216
CRI,6.79,-89.24,5180829,2.4757,0.00216
CRI,6.97,-85.93,5180829,1.8115,0.00216
CRI,3.73,-88.07,5180829,2.0232,0.00216
CUB,22.97,-73.2,11212191,0.4621,0.00216
CUB,24.1,-81.2,11212191,0.5557,0.00216
CUB,19.35,-78.43,11212191,0.8567,0.00216
CUB,19.71,-79.57,11212191,0.159,0.00216
CUB,24.24,-81.86,11212191,0.3059,0.00216
CUB,24.24,-81.86,11212191,0.3059,0.00216
CUB,21.23,-73.83,11212191,0.1987,0.00216
CUB,20.53,-73.81,11212191,0.4152,0.00216
CUB,20.61,-73.82,11212191,0.3473,0.00216
CUB,23.99,-81.91,11212191,0.5607,0.00216
CUB,21.15,-73.97,11212191,0.2968,0.00216
CUB,19.82,-74.67,11212191,0.223,0.00216
CUB,24.21,-83.28,11212191,1.1971,0.00216
CUB,24.15,-83.52,11212191,1.1851,0.00216
CUB,21,-73.87,11212191,0.168,0.00216
CUB,23.35,-73.32,11212191,0.4288,0.00216
CUB,21.97,-75.93,11212191,0.2834,0.00216
CUB,23.97,-82.68,11212191,0.8008,0.00216
CUB,24.42,-83.35,11212191,1.2166,0.00216
CUB,23.98,-81.59,11212191,0.592,0.00216
CUB,23.92,-74.23,11212191,0.2399,0.00216
CUB,24.05,-74.05,11212191,0.3785,0.00216
CUB,20.35,-79.57,11212191,0.6179,0.00216
CUB,19.82,-79.93,11212191,0.1174,0.00216
CUB,19.48,-78.87,11212191,0.8944,0.00216
CUB,24.18,-81.8,11212191,0.3628,0.00216
CUB,21.34,-74.45,11212191,0.7809,0.00216
CUB,20.81,-73.86,11212191,0.2224,0.00216
CUB,24.27,-82.29,11212191,0.3238,0.00216
CUB,20.17,-81.79,11212191,0.8682,0.00216
CUB,24.25,-81.97,11212191,0.3313,0.00216
CUB,24.16,-82.08,11212191,0.3939,0.00216
DOM,22.9,-72.07,11228821,0.8787,0.00216
DOM,22.9,-72.07,11228821,0.8787,0.00216
DOM,18.91,-68.24,11228821,0.2776,0.00216
DOM,15.38,-72.43,11228821,2.3473,0.00216
DOM,19.79,-70.21,11228821,0.145,0.00216
DOM,17.02,-70.05,11228821,1.2175,0.00216
DOM,15.57,-69.95,11228821,2.5086,0.00216
DOM,20.2,-70.38,11228821,0.4234,0.00216
DOM,20.4,-71.57,11228821,0.4931,0.00216
DOM,21.37,-70.15,11228821,0.9842,0.00216
DOM,22.22,-67.83,11228821,3.1818,0.00216
DOM,20.35,-70.35,11228821,0.5764,0.00216
DOM,19.22,-69.16,11228821,0.0408,0.00216
DOM,15.51,-72.26,11228821,2.1644,0.00216
DOM,19.77,-69.48,11228821,0.4309,0.00216
FJI,-14.57,-147.24,929766,0.5756,0.00216
FJI,-14.39,-146.61,929766,0.3419,0.00216
HND,16.88,-81.53,10432860,2.3881,0.00216
HND,16.66,-84.63,10432860,0.7589,0.00216
HND,16.95,-82.05,10432860,1.9186,0.00216
HND,17.79,-85.87,10432860,1.2729,0.00216
HND,16.4,-82.63,10432860,1.3749,0.00216
HND,16.36,-84.47,10432860,0.5206,0.00216
HND,16.36,-84.47,10432860,0.5206,0.00216
HND,16.53,-85.58,10432860,0.2391,0.00216
HND,16.58,-84.12,10432860,0.7869,0.00216
HND,17.65,-82.97,10432860,0.9721,0.00216
HND,17.29,-84.13,10432860,0.2285,0.00216
HND,16.41,-84.65,10432860,0.518,0.00216
HND,16.55,-82.03,10432860,1.8714,0.00216
HTI,18.15,-74.89,11584996,0.2718,0.00216
HTI,18.75,-75.43,11584996,0.5201,0.00216
HTI,16.98,-73.63,11584996,1.0608,0.00216
HTI,19.23,-74.53,11584996,0.607,0.00216
HTI,17.71,-74.35,11584996,0.5575,0.00216
HTI,16.1,-73.79,11584996,1.926,0.00216
HTI,20.33,-72.71,11584996,0.2598,0.00216
HTI,21,-72.92,11584996,0.1882,0.00216
HTI,17.02,-72.57,11584996,1.1496,0.00216
HTI,16.78,-72.77,11584996,1.3663,0.00216
HTI,16.78,-72.77,11584996,1.3663,0.00216
HTI,18.9,-75.02,11584996,0.4828,0.00216
HTI,18.14,-74.58,11584996,0.2461,0.00216
HTI,18.57,-75.24,11584996,0.2595,0.00216
JAM,15.78,-75.5,2827377,2.2386,0.00216
JAM,17.08,-78.18,2827377,0.8957,0.00216
JAM,18.02,-79.13,2827377,0.7932,0.00216
JAM,17.02,-78.22,2827377,0.9674,0.00216
JAM,17,-79.5,2827377,1.6806,0.00216
JAM,18.24,-76.4,2827377,0.0678,0.00216
JAM,19.44,-78.88,2827377,0.8972,0.00216
JAM,17,-78.19,2827377,0.9704,0.00216
JAM,17.33,-77.64,2827377,0.5274,0.00216
JAM,17.02,-79.91,2827377,1.9695,0.00216
JAM,17,-75.54,2827377,1.1211,0.00216
JAM,16.93,-77.19,2827377,0.7738,0.00216
JAM,17.53,-77.98,2827377,0.4042,0.00216
JAM,17.79,-76.27,2827377,0.0872,0.00216
JAM,18.99,-76.67,2827377,0.6228,0.00216
JAM,15.82,-76.78,2827377,1.9208,0.00216
JAM,16.44,-78.05,2827377,1.4504,0.00216
JAM,16.53,-79.06,2827377,1.8384,0.00216
JAM,17.2,-75.4,2827377,1.0643,0.00216
JAM,16.58,-75.43,2827377,1.5338,0.00216
JAM,18.38,-76.15,2827377,0.3011,0.00216
JAM,18.45,-76.48,2827377,0.2459,0.00216
JAM,18.25,-76.2,2827377,0.178,0.00216
JAM,15.48,-76.05,2827377,2.4013,0.00216
JAM,17.05,-78.02,2827377,0.8552,0.00216
JAM,18.7,-77.33,2827377,0.235,0.00216
JAM,18.32,-76.1,2827377,0.3,0.00216
JAM,17.27,-76.58,2827377,0.5929,0.00216
JAM,16.5,-77.6,2827377,1.2735,0.00216
JAM,17,-80.39,2827377,2.3743,0.00216
JAM,16.76,-78.27,2827377,1.2204,0.00216
JAM,18.55,-77.46,2827377,0.0741,0.00216
MEX,27.8,-115.88,127504125,0.5747,0.00216
MEX,23.06,-110.98,127504125,0.7406,0.00216
MEX,24.38,-109.17,127504125,0.6674,0.00216
MEX,19.12,-106.06,127504125,0.9687,0.00216
MEX,18.18,-105.82,127504125,1.426,0.00216
MEX,17.77,-105.74,127504125,1.7319,0.00216
MEX,-6.99,-115.83,127504125,18.4937,0.00216
MEX,21.5,-108.3,127504125,1.6299,0.00216
NIC,13.82,-81.58,6948392,0.495,0.00216
NIC,14.75,-81.67,6948392,1.1111,0.00216
PRI,16.63,-63.5,3221789,0.9375,0.00216
PRI,19.27,-58.58,3221789,3.5534,0.00216
PRI,17.62,-64.97,3221789,0.0977,0.00216
PRI,25.4,-57.82,3221789,8.6607,0.00216
PRI,16.98,-60,3221789,1.1748,0.00216
PRI,16.03,-62.37,3221789,0.6041,0.00216
PRI,17.68,-64.95,3221789,0.0549,0.00216
PRI,16.62,-64.7,3221789,1.0805,0.00216
PRI,21.75,-59.92,3221789,4.4561,0.00216
PRI,17.35,-60.2,3221789,1.2768,0.00216
PRI,16.1,-61.9,3221789,0.1312,0.00216
PRI,30.51,-60.37,3221789,4.6638,0.00216
PRI,15.81,-64.17,3221789,0.5376,0.00216
PRI,19.87,-59.71,3221789,3.002,0.00216
PRI,15.66,-62.68,3221789,0.9546,0.00216
PRI,17.65,-62.55,3221789,0.3374,0.00216
PRI,16.98,-61.87,3221789,0.0331,0.00216
PRI,18.34,-64.09,3221789,0.2904,0.00216
PRI,18.72,-64.64,3221789,0.2328,0.00216
PRI,15.26,-62.65,3221789,1.0763,0.00216
PRI,16.66,-64.37,3221789,1.0991,0.00216
PRI,15.98,-62.68,3221789,0.8455,0.00216
PRI,16.63,-63.63,3221789,0.9271,0.00216
PRI,16.63,-63.63,3221789,0.9271,0.00216
PRI,15.68,-62.83,3221789,0.8041,0.00216
PRI,15.68,-62.83,3221789,0.8041,0.00216
PRI,24.33,-57.2,3221789,8.0636,0.00216
PRI,17.22,-63.45,3221789,0.4478,0.00216
PRI,17.02,-63.43,3221789,0.6248,0.00216
PRI,22.48,-57.92,3221789,6.1485,0.00216
PRI,16.63,-63.87,3221789,0.9552,0.00216
PRI,21.11,-60.02,3221789,3.8398,0.00216
PRI,17.35,-60.34,3221789,1.1953,0.00216
PRI,15.73,-62.37,3221789,0.693,0.00216
PRI,18.27,-64.47,3221789,0.1188,0.00216
PRI,21.67,-60.02,3221789,4.3412,0.00216
PRI,20.92,-59.37,3221789,4.0273,0.00216
PRI,17.58,-60.48,3221789,1.2478,0.00216
PRI,27.58,-65.05,3221789,4.6727,0.00216
PRI,29.09,-61.55,3221789,4.5029,0.00216
PRI,29.97,-63.34,3221789,2.7132,0.00216
PRI,20.29,-57.26,3221789,5.2021,0.00216
PRI,18.22,-57.63,3221789,3.8464,0.00216
PRI,18.64,-64.56,3221789,0.1484,0.00216
PRI,15.94,-63.93,3221789,0.3733,0.00216
PRI,18.13,-61.15,3221789,0.7602,0.00216
PRI,17,-62.61,3221789,0.1037,0.00216
PRI,29.47,-60.07,3221789,5.4153,0.00216
TTO,13.7,-61.2,1531044,0.1599,0.00216
TTO,13.12,-61.55,1531044,0.2863,0.00216
TTO,12.25,-61.77,1531044,0.0845,0.00216
TTO,13.35,-61.38,1531044,0.1249,0.00216
TTO,13.35,-61.38,1531044,0.1249,0.00216
TTO,12.78,-61.72,1531044,0.316,0.00216
TTO,12.18,-61.82,1531044,0.0913,0.00216
TTO,13.02,-61.45,1531044,0.1745,0.00216
TTO,14.85,-61.93,1531044,0.6595,0.00216
TTO,13.08,-61.82,1531044,0.5493,0.00216
TTO,15.38,-61.58,1531044,0.1472,0.00216
TTO,15.29,-59.87,1531044,1.1321,0.00216
TTO,12.7,-60.79,1531044,0.4255,0.00216
TTO,12.81,-59.99,1531044,0.4652,0.00216
TTO,12.34,-60.03,1531044,0.8559,0.00216
TTO,15.36,-61.78,1531044,0.331,0.00216
TTO,13.87,-61.59,1531044,0.5116,0.00216
TTO,15.93,-60.81,1531044,0.384,0.00216
TTO,12.32,-60.3,1531044,0.996,0.00216
TTO,16.67,-59.43,1531044,1.5925,0.00216
TTO,15,-59.34,1531044,1.5505,0.00216
TTO,14.52,-61.54,1531044,0.407,0.00216
TTO,14.37,-61.84,1531044,0.7424,0.00216
TTO,14.17,-62.08,1531044,1.034,0.00216
TTO,13.28,-61.38,1531044,0.1076,0.00216
TTO,15,-61.4,1531044,0.2052,0.00216
TTO,16.83,-58.95,1531044,2.0958,0.00216
TTO,12.73,-60.52,1531044,0.6723,0.00216
TTO,12.83,-61.67,1531044,0.3093,0.00216
TTO,12.43,-60.13,1531044,0.8363,0.00216
TTO,11.21,-59.47,1531044,1.0577,0.00216
TTO,13.74,-61.21,1531044,0.1476,0.00216
TTO,14.99,-62.27,1531044,0.9212,0.00216
USA,41.3,-68.74,333287557,1.218,0.00216
USA,41.6,-69.21,333287557,0.7326,0.00216
USA,41.91,-69.5,333287557,0.4307,0.00216
USA,41.91,-69.5,333287557,0.4307,0.00216
USA,40.18,-70.2,333287557,1.0668,0.00216
USA,26.12,-80.01,333287557,0.0948,0.00216
USA,35.85,-65.93,333287557,3.6815,0.00216
USA,35.85,-65.93,333287557,3.6815,0.00216
USA,43.14,-68.8,333287557,0.8823,0.00216
USA,25.97,-79.73,333287557,0.3876,0.00216
USA,40.16,-69.71,333287557,1.1178,0.00216
USA,39.93,-71.15,333287557,1.2856,0.00216
USA,39.45,-70.68,333287557,1.8022,0.00216
USA,36.82,-65.43,333287557,4.495,0.00216
USA,41.03,-68.58,333287557,1.3995,0.00216
USA,41.03,-68.58,333287557,1.3995,0.00216
USA,43.57,-69.35,333287557,0.311,0.00216
USA,43.4,-68.32,333287557,0.6868,0.00216
USA,33.38,-64.03,333287557,1.1833,0.00216
USA,42.32,-69.13,333287557,0.9276,0.00216
USA,40.98,-70.43,333287557,0.3577,0.00216
USA,27.99,-79.72,333287557,0.7035,0.00216
USA,32.07,-78.21,333287557,1.4792,0.00216
USA,32.17,-77.34,333287557,1.7923,0.00216
USA,42.25,-69.67,333287557,0.4259,0.00216
USA,41.49,-70.9,333287557,0.0536,0.00216
USA,42.3,-67.95,333287557,1.8449,0.00216
USA,31.85,-64.13,333287557,0.7258,0.00216
USA,24.38,-80.03,333287557,0.791,0.00216
USA,40.7,-69.33,333287557,0.8413,0.00216
USA,40,-70.15,333287557,1.2429,0.00216
USA,24.22,-80.66,333287557,0.6067,0.00216
USA,25.48,-79.48,333287557,0.2068,0.00216
USA,42.12,-67.72,333287557,2.1005,0.00216
USA,40.48,-70.07,333287557,0.7623,0.00216
USA,40.24,-70.13,333287557,1.0024,0.00216
USA,40.86,-70.79,333287557,0.3883,0.00216
USA,25.51,-79.52,333287557,0.2362,0.00216
USA,27.82,-79.99,333287557,0.3894,0.00216
USA,42.93,-69.17,333287557,0.9677,0.00216
USA,42.94,-68.99,333287557,1.0223,0.00216
USA,24.76,-80.07,333287557,0.492,0.00216
USA,25.31,-79.78,333287557,0.44,0.00216
USA,40.24,-69.85,333287557,1.0106,0.00216
USA,25.58,-79.81,333287557,0.3622,0.00216
USA,32.04,-68.14,333287557,3.263,0.00216
USA,38.12,-69.68,333287557,3.1357,0.00216
USA,33.87,-65.73,333287557,1.7806,0.00216
USA,39.72,-68.86,333287557,1.8881,0.00216
USA,40.52,-67.62,333287557,2.4569,0.00216
USA,39.28,-68.57,333287557,2.4147,0.00216
USA,43.82,-69.5,333287557,0.0197,0.00216
USA,41.23,-68.33,333287557,1.6284,0.00216
USA,41.37,-70.98,333287557,0.0542,0.00216
USA,40.45,-69.8,333287557,0.8145,0.00216
USA,40.77,-70.08,333287557,0.4721,0.00216
USA,40.63,-69.88,333287557,0.6212,0.00216
USA,40.63,-69.88,333287557,0.6212,0.00216
USA,40.3,-70.18,333287557,0.9454,0.00216
USA,41.45,-70.77,333287557,0.008,0.00216
USA,40.98,-68.53,333287557,1.4581,0.00216
USA,40.99,-71.54,333287557,0.1621,0.00216
USA,39.58,-69.65,333287557,1.696,0.00216
USA,26.95,-79.85,333287557,0.2182,0.00216
USA,28.05,-79.73,333287557,0.7214,0.00216
USA,40.3,-69.57,333287557,1.0292,0.00216
USA,39.6,-69.48,333287557,1.7199,0.00216
USA,41.16,-70.98,333287557,0.1765,0.00216
USA,24.3,-81.82,333287557,0.2426,0.00216
USA,42.45,-68.49,333287557,1.5597,0.00216
USA,36.39,-66.42,333287557,4.3649,0.00216
USA,24.5,-80.62,333287557,0.3595,0.00216
USA,28.4,-79.98,333287557,0.553,0.00216
USA,24.39,-81.71,333287557,0.167,0.00216
USA,24.58,-80.54,333287557,0.3315,0.00216
USA,28.58,-79.12,333287557,1.4123,0.00216
USA,42.36,-69.4,333287557,0.71,0.00216
USA,30.61,-72.14,333287557,5.7389,0.00216
USA,41.38,-70.88,333287557,0.0425,0.00216
USA,40.33,-67.69,333287557,2.4558,0.00216
USA,40.16,-67.42,333287557,2.7704,0.00216
USA,42.12,-68.59,333287557,1.3641,0.00216
USA,40.51,-68.25,333287557,1.8696,0.00216
USA,42.81,-68.94,333287557,1.1607,0.00216
USA,39.88,-69.44,333287557,1.4674,0.00216
USA,44.38,-67.27,333287557,0.2188,0.00216
USA,27.98,-80.02,333287557,0.4312,0.00216
USA,39.35,-71.19,333287557,1.8323,0.00216
USA,41.05,-70.86,333287557,0.204,0.00216
USA,40.43,-69.1,333287557,1.1931,0.00216
USA,31.33,-74.8,333287557,3.6901,0.00216
USA,31.23,-73.62,333287557,4.4415,0.00216
USA,40.97,-70.45,333287557,0.3764,0.00216
USA,41.83,-69.33,333287557,0.5947,0.00216
USA,40.38,-69.82,333287557,0.8781,0.00216
USA,43.19,-69.91,333287557,0.4741,0.00216
USA,24.85,-79.86,333287557,0.5893,0.00216
USA,43.03,-69.85,333287557,0.6332,0.00216
USA,42.83,-69.3,333287557,1.0163,0.00216
USA,42.56,-69.66,333287557,0.6509,0.00216
USA,40.94,-68.55,333287557,1.4472,0.00216
USA,41.06,-70.63,333287557,0.2547,0.00216
USA,40.76,-70.08,333287557,0.4821,0.00216
USA,42.08,-70.27,333287557,0.0281,0.00216
USA,39.78,-68.61,333287557,2.0003,0.00216
USA,39.44,-66.63,333287557,3.7961,0.00216
USA,32.04,-68.14,333287557,3.263,0.00216
USA,32.34,-66.42,333287557,1.5351,0.00216
USA,42.38,-70.4,333287557,0.3218,0.00216
USA,41.5,-69.35,333287557,0.6141,0.00216
USA,40.2,-68.83,333287557,1.5474,0.00216
USA,20.57,-155.54,333287557,0.3816,0.00216
USA,46.37,-124.24,333287557,0.1765,0.00216
USA,17.68,-155.1,333287557,1.3541,0.00216
USA,6.25,-146.51,333287557,11.578,0.00216
USA,-5.62,-140.48,333287557,2.3381,0.00216
USA,0.89,-143.03,333287557,9.1489,0.00216
USA,22.5,-157.43,333287557,0.9568,0.00216
USA,23.15,-144.69,333287557,10.7597,0.00216
USA,26.21,-144.53,333287557,12.2739,0.00216
USA,21.42,-142.07,333287557,12.8869,0.00216
USA,21.15,-142.77,333287557,12.1557,0.00216
USA,13.69,-156.87,333287557,5.3513,0.00216
USA,8.38,-151.97,333287557,8.3406,0.00216
USA,33.06,-148.13,333287557,14.5692,0.00216
USA,28.41,-140.21,333287557,17.1028,0.00216
USA,27.84,-140.77,333287557,16.3294,0.00216
USA,33.1,-149.63,333287557,13.8405,0.00216
USA,31.06,-143.46,333287557,16.1393,0.00216
USA,24.28,-143.99,333287557,11.8299,0.00216
USA,26.05,-141.2,333287557,15.1049,0.00216
USA,19.62,-146.5,333287557,8.3148,0.00216
USA,19.96,-146.64,333287557,8.1866,0.00216
USA,10.33,-156.71,333287557,6.7084,0.00216
USA,33.1,-149.63,333287557,13.8405,0.00216
USA,31.06,-143.46,333287557,16.1393,0.00216
USA,24.28,-143.99,333287557,11.8299,0.00216
USA,26.05,-141.2,333287557,15.1049,0.00216
USA,19.62,-146.5,333287557,8.3148,0.00216
USA,19.96,-146.64,333287557,8.1866,0.00216
USA,10.33,-156.71,333287557,6.7084,0.00216
USA,33.1,-149.63,333287557,13.8405,0.00216
USA,31.06,-143.46,333287557,16.1393,0.00216
USA,24.28,-143.99,333287557,11.8299,0.00216
USA,26.05,-141.2,333287557,15.1049,0.00216
USA,19.62,-146.5,333287557,8.3148,0.00216
USA,19.96,-146.64,333287557,8.1866,0.00216
USA,10.33,-156.71,333287557,6.7084,0.00216
USA,33.1,-149.63,333287557,13.8405,0.00216
USA,31.06,-143.46,333287557,16.1393,0.00216
USA,24.28,-143.99,333287557,11.8299,0.00216
USA,26.05,-141.2,333287557,15.1049,0.00216
USA,19.62,-146.5,333287557,8.3148,0.00216
USA,19.96,-146.64,333287557,8.1866,0.00216
USA,10.33,-156.71,333287557,6.7084,0.00216
USA,33.1,-149.63,333287557,13.8405,0.00216
USA,31.06,-143.46,333287557,16.1393,0.00216
USA,24.28,-143.99,333287557,11.8299,0.00216
USA,26.05,-141.2,333287557,15.1049,0.00216
USA,19.62,-146.5,333287557,8.3148,0.00216
USA,19.96,-146.64,333287557,8.1866,0.00216
USA,10.33,-156.71,333287557,6.7084,0.00216
USA,33.1,-149.63,333287557,13.8405,0.00216
USA,31.06,-143.46,333287557,16.1393,0.00216
USA,24.28,-143.99,333287557,11.8299,0.00216
USA,26.05,-141.2,333287557,15.1049,0.00216
USA,19.62,-146.5,333287557,8.3148,0.00216
USA,19.96,-146.64,333287557,8.1866,0.00216
USA,10.33,-156.71,333287557,6.7084,0.00216
USA,33.1,-149.63,333287557,13.8405,0.00216
USA,31.06,-143.46,333287557,16.1393,0.00216
USA,24.28,-143.99,333287557,11.8299,0.00216
USA,26.05,-141.2,333287557,15.1049,0.00216
USA,19.62,-146.5,333287557,8.3148,0.00216
USA,19.96,-146.64,333287557,8.1866,0.00216
USA,10.33,-156.71,333287557,6.7084,0.00216
USA,33.1,-149.63,333287557,13.8405,0.00216
USA,31.06,-143.46,333287557,16.1393,0.00216
USA,24.28,-143.99,333287557,11.8299,0.00216
USA,26.05,-141.2,333287557,15.1049,0.00216
USA,19.62,-146.5,333287557,8.3148,0.00216
USA,19.96,-146.64,333287557,8.1866,0.00216
USA,10.33,-156.71,333287557,6.7084,0.00216
USA,33.1,-149.63,333287557,13.8405,0.00216
USA,31.06,-143.46,333287557,16.1393,0.00216
USA,24.28,-143.99,333287557,11.8299,0.00216
USA,26.05,-141.2,333287557,15.1049,0.00216
USA,19.62,-146.5,333287557,8.3148,0.00216
USA,19.96,-146.64,333287557,8.1866,0.00216
USA,10.33,-156.71,333287557,6.7084,0.00216
USA,33.1,-149.63,333287557,13.8405,0.00216
USA,31.06,-143.46,333287557,16.1393,0.00216
USA,24.28,-143.99,333287557,11.8299,0.00216
USA,26.05,-141.2,333287557,15.1049,0.00216
USA,19.62,-146.5,333287557,8.3148,0.00216
USA,19.96,-146.64,333287557,8.1866,0.00216
USA,10.33,-156.71,333287557,6.7084,0.00216
USA,33.1,-149.63,333287557,13.8405,0.00216
USA,31.06,-143.46,333287557,16.1393,0.00216
USA,24.28,-143.99,333287557,11.8299,0.00216
USA,26.05,-141.2,333287557,15.1049,0.00216
USA,19.62,-146.5,333287557,8.3148,0.00216
USA,19.96,-146.64,333287557,8.1866,0.00216
USA,10.33,-156.71,333287557,6.7084,0.00216
USA,33.1,-149.63,333287557,13.8405,0.00216
USA,31.06,-143.46,333287557,16.1393,0.00216
USA,24.28,-143.99,333287557,11.8299,0.00216
USA,26.05,-141.2,333287557,15.1049,0.00216
USA,19.62,-146.5,333287557,8.3148,0.00216
USA,19.96,-146.64,333287557,8.1866,0.00216
USA,10.33,-156.71,333287557,6.7084,0.00216
USA,33.1,-149.63,333287557,13.8405,0.00216
USA,31.06,-143.46,333287557,16.1393,0.00216
USA,24.28,-143.99,333287557,11.8299,0.00216
USA,26.05,-141.2,333287557,15.1049,0.00216
USA,19.62,-146.5,333287557,8.3148,0.00216
USA,19.96,-146.64,333287557,8.1866,0.00216
USA,10.33,-156.71,333287557,6.7084,0.00216
USA,33.1,-149.63,333287557,13.8405,0.00216
USA,31.06,-143.46,333287557,16.1393,0.00216
USA,24.28,-143.99,333287557,11.8299,0.00216
USA,26.05,-141.2,333287557,15.1049,0.00216
USA,19.62,-146.5,333287557,8.3148,0.00216
USA,19.96,-146.64,333287557,8.1866,0.00216
USA,10.33,-156.71,333287557,6.7084,0.00216
USA,33.1,-149.63,333287557,13.8405,0.00216
USA,31.06,-143.46,333287557,16.1393,0.00216
USA,24.28,-143.99,333287557,11.8299,0.00216
USA,26.05,-141.2,333287557,15.1049,0.00216
USA,19.62,-146.5,333287557,8.3148,0.00216
USA,19.96,-146.64,333287557,8.1866,0.00216
USA,10.33,-156.71,333287557,6.7084,0.00216
USA,33.1,-149.63,333287557,13.8405,0.00216
USA,31.06,-143.46,333287557,16.1393,0.00216
USA,24.28,-143.99,333287557,11.8299,0.00216
USA,26.05,-141.2,333287557,15.1049,0.00216
USA,19.62,-146.5,333287557,8.3148,0.00216
USA,19.96,-146.64,333287557,8.1866,0.00216
USA,10.33,-156.71,333287557,6.7084,0.00216
USA,33.1,-149.63,333287557,13.8405,0.00216
USA,31.06,-143.46,333287557,16.1393,0.00216
USA,24.28,-143.99,333287557,11.8299,0.00216
USA,26.05,-141.2,333287557,15.1049,0.00216
USA,19.62,-146.5,333287557,8.3148,0.00216
USA,19.96,-146.64,333287557,8.1866,0.00216
USA,10.33,-156.71,333287557,6.7084,0.00216
VEN,12.65,-62.57,28301696,0.9694,0.00216
VEN,13.63,-62.7,28301696,1.4695,0.00216
VEN,11.83,-68.02,28301696,0.2932,0.00216
VEN,12.3,-68.83,28301696,0.1266,0.00216
VEN,14.03,-63.42,28301696,1.6779,0.00216
VEN,12.12,-62.22,28301696,0.4438,0.00216
VEN,11.52,-67.32,28301696,0.5197,0.00216
VEN,11.91,-63.24,28301696,0.9721,0.00216
VEN,12.1,-68.34,28301696,0.0533,0.00216
VEN,13.2,-64.43,28301696,1.3129,0.00216
VEN,12.91,-64.39,28301696,1.0339,0.00216
VEN,12.68,-64.43,28301696,0.8007,0.00216
VEN,10.75,-65.8,28301696,0.3015,0.00216
VEN,13.25,-68.92,28301696,0.8913,0.00216
VEN,12.07,-67.95,28301696,0.2598,0.00216
VEN,11.04,-63.41,28301696,0.3414,0.00216
VEN,14.24,-66.07,28301696,2.4145,0.00216
VEN,11.76,-64.91,28301696,0.2705,0.00216
VEN,14.35,-70.1,28301696,1.7186,0.00216
VEN,11.82,-66.38,28301696,0.1857,0.00216
VEN,13.08,-67.17,28301696,1.1364,0.00216
VEN,13.46,-69.15,28301696,1.0686,0.00216
FJI,-15.87,-148.36,929766,0.089,0.00214
MEX,23.14,-108.72,127504125,0.7229,0.00214
MEX,17.64,-115.08,127504125,0.746,0.00214
USA,47.19,-125.22,333287557,0.9172,0.00214
USA,-8.49,-142.18,333287557,1.5245,0.00214
HTI,16.41,-74.33,11584996,1.6784,0.002132
USA,23.43,-157.12,333287557,1.9193,0.002096
USA,33.1,-156.49,333287557,11.2474,0.002096
CAN,46.29,-57.62,38929902,1.3118,0.002088
CAN,46.29,-57.62,38929902,1.3118,0.002088
CAN,48.34,-124.93,38929902,0.2022,0.002076
USA,11.37,-160.22,333287557,5.3798,0.002076
HND,16.74,-85.68,10432860,0.2753,0.002072
USA,-9.71,-140,333287557,0.2784,0.002072
USA,4.21,-157.2,333287557,2.0868,0.002068
BHS,29.86,-77.94,409984,2.9325,0.002056
MEX,5.74,-128.9,127504125,18.0409,0.002056
VEN,13.84,-64.9,28301696,1.9629,0.002056
CRI,7.34,-87,5180829,1.7833,0.002036
FJI,-15.9,-149.55,929766,1.0823,0.002036
USA,41.4,-71.23,333287557,0.0817,0.002004
AGO,-16.7,-4.3,35588987,1.5409,0.002
ATA,-62.4113,-59.7428,40,0.0394,0.002
AUS,-33.8456,151.2812,26005540,0.0127,0.002
AUS,-33.9879,151.2296,26005540,0.0019,0.002
AUS,-33.8536,151.2087,26005540,0.0383,0.002
AUS,-33.8004,151.2856,26005540,0.0213,0.002
AUS,-37.9237,144.9865,26005540,0.0066,0.002
AUS,-43.6101,146.8219,26005540,0.0084,0.002
BLZ,16.8497,-87.7874,405272,0.4429,0.002
BLZ,16.7997,-87.8579,405272,0.3902,0.002
BRA,16.6667,-40.45,215313498,15.0946,0.002
BRA,15.7117,-37.3467,215313498,12.0613,0.002
BRA,13.7395,-44.58,215313498,11.5914,0.002
BRA,-29.71,-46.582,215313498,2.4744,0.002
CAN,46.4322,-63.3183,38929902,0.0227,0.002
CAN,46.4506,-63.4617,38929902,0.0176,0.002
CAN,46.4553,-63.2936,38929902,0.0078,0.002
CAN,26.95,-40.8333,38929902,15.6717,0.002
CAN,49.5267,-124.6334,38929902,0.0071,0.002
CAN,42,-49.1,38929902,6.124,0.002
CHL,-51.9142,-72.7369,19603733,0.0504,0.002
ECU,0.314,-89.9471,18001000,0.4609,0.002
ESH,18.6749,-23.3573,4000,1.866,0.002
ESH,21.2261,-24.5003,4000,4.0743,0.002
ESH,20.9308,-27.1952,4000,4.2611,0.002
ESH,21.4667,-25.2667,4000,4.2733,0.002
ESH,21.7028,-32.5263,4000,8.5373,0.002
ESH,20.2692,-31.3284,4000,6.7759,0.002
ESH,20.57,-37.58,4000,12.715,0.002
FJI,-19.0224,-169.9229,929766,0.0095,0.002
FLK,-52.9723,-60.0371,2840,0.6422,0.002
GBR,58.4738,-3.1008,66971395,0.0045,0.002
GNB,11.324,-15.6545,2105566,0.0217,0.002
IDN,-8.2196,117.4853,275501339,0.0043,0.002
ITA,45.4408,12.3215,58940425,0.004,0.002
JPN,26.272,127.555,125124989,0.101,0.002
JPN,28.192,129.217,125124989,0.0033,0.002
MAR,23.7238,-21.2277,37457971,4.6648,0.002
MAR,30.1614,-15.8758,37457971,0.0143,0.002
MAR,30.0284,-16.0573,37457971,0.0298,0.002
MAR,30.0296,-16.0196,37457971,0.0034,0.002
MAR,30.134,-15.8703,37457971,0.0021,0.002
MDG,-9.7045,46.5106,29611714,0.0155,0.002
MDG,-9.7736,47.5675,29611714,0.0853,0.002
MDG,-9.3892,46.1969,29611714,0.0111,0.002
MDG,-9.4369,46.2006,29611714,0.0255,0.002
MDG,-9.3672,46.2413,29611714,0.0378,0.002
MDG,-9.4518,46.4253,29611714,0.0261,0.002
MDG,-21.0531,55.2238,29611714,0.0032,0.002
MEX,20.2103,-87.4302,127504125,0.0047,0.002
MEX,20.4494,-86.9901,127504125,0.009,0.002
MEX,20.5448,-86.8805,127504125,0.0154,0.002
MEX,24.4448,-110.3813,127504125,0.006,0.002
MEX,15.9535,-94.0104,127504125,0.058,0.002
MEX,32.4079,-117.24,127504125,0.0029,0.002
MEX,18.2081,-103.7606,127504125,0.2897,0.002
MEX,-5.52,-106.54,127504125,15.7325,0.002
MEX,-5.58,-111.4,127504125,16.0109,0.002
NIC,11.787,-86.514,6948392,0.0031,0.002
NIC,11.2572,-85.8775,6948392,0.0015,0.002
NZL,-35.2133,174.135,5124100,0.025,0.002
NZL,-43.5715,172.7714,5124100,0.0022,0.002
PRI,18.3358,-64.9278,3221789,0.0009,0.002
PRI,17.0084,-61.764,3221789,0.0019,0.002
PRI,17.0765,-61.8998,3221789,0.0173,0.002
PRI,17.0123,-61.7707,3221789,0.0002,0.002
PRI,18.0327,-63.0973,3221789,0.0031,0.002
PRI,18,-63,3221789,0.0355,0.002
SEN,16.6525,-31.2053,17316449,5.8587,0.002
SEN,16.6107,-33.5581,17316449,8.2097,0.002
SEN,14.8238,-18.112,17316449,0.5798,0.002
SEN,17.1,-29.9756,17316449,4.6154,0.002
SUR,15.1833,-52.2167,618040,7.4886,0.002
TTO,12.4856,-61.4597,1531044,0,0.002
TTO,12,-61.7,1531044,0.0037,0.002
TTO,15.5034,-52.455,1531044,7.3551,0.002
TTO,14.1934,-56.8385,1531044,2.7869,0.002
TTO,14.9118,-58.6863,1531044,1.8198,0.002
TTO,13.8725,-54.6413,1531044,4.8383,0.002
TTO,14.1833,-60.0167,1531044,0.8412,0.002
TTO,15.0556,-57.5334,1531044,2.6771,0.002
TTO,14.7917,-55.6639,1531044,4.1014,0.002
TTO,14.1809,-55.9548,1531044,3.619,0.002
TTO,14.0467,-58.84,1531044,1.0373,0.002
TTO,15.9488,-52.5159,1531044,7.4523,0.002
TTO,14.1931,-60.8738,1531044,0.0963,0.002
USA,8.19,-145.47,333287557,13.3616,0.002
USA,59.393,-153.5072,333287557,0.0018,0.002
USA,39.3513,-76.1448,333287557,0.0203,0.002
USA,32.5767,-117.133,333287557,0.0002,0.002
USA,59.4376,-150.586,333287557,0.0201,0.002
USA,33.4228,-117.6241,333287557,0.0058,0.002
USA,40.4782,-74.0163,333287557,0.0007,0.002
USA,37.7,-122.1911,333287557,0.0004,0.002
USA,47.3421,-122.776,333287557,0.0085,0.002
USA,47.2109,-122.9087,333287557,0.0046,0.002
USA,48.1176,-122.7514,333287557,0.0005,0.002
USA,36.5472,-121.9303,333287557,0.001,0.002
USA,57.0428,-135.325,333287557,0.0101,0.002
USA,36.9572,-121.9669,333287557,0.0009,0.002
USA,46.2293,-124.0234,333287557,0.0016,0.002
USA,36.9575,-122.0247,333287557,0.0002,0.002
USA,25.1508,-80.5131,333287557,0.0501,0.002
USA,33.9854,-119.6378,333287557,0.0012,0.002
USA,24.8107,-80.828,333287557,0.0055,0.002
USA,60.1946,-145.3325,333287557,0.1474,0.002
USA,59.8575,-149.6314,333287557,0.0192,0.002
USA,41.6319,-71.4039,333287557,0.0064,0.002
USA,37.7882,-122.4913,333287557,0.0009,0.002
USA,39.9537,-74.1979,333287557,0.068,0.002
USA,37.6307,-76.3384,333287557,0.0042,0.002
USA,48.3688,-124.6248,333287557,0.0033,0.002
USA,48.3996,-122.4946,333287557,0.0333,0.002
USA,30.367,-145.1,333287557,14.4894,0.002
USA,29.967,-144.933,333287557,14.3213,0.002
JAM,18.5,-79.88,2827377,1.1709,0.001984
BHS,26.13,-78.03,409984,0.3718,0.001964
BHS,23.68,-75.22,409984,0.0808,0.001964
BHS,28.98,-77.98,409984,2.0546,0.001964
BHS,30.32,-73.56,409984,5.1586,0.001964
CAN,36.53,-64.83,38929902,4.1442,0.001964
CAN,43.44,-65.19,38929902,0.1837,0.001964
CAN,43.44,-65.19,38929902,0.1837,0.001964
CAN,41.6,-56.83,38929902,3.756,0.001964
CAN,34.3,-62.96,38929902,2.5651,0.001964
CUB,23.85,-80.85,11212191,0.5878,0.001964
DOM,20.02,-70.32,11228821,0.2699,0.001964
DOM,23.91,-70.19,11228821,2.5374,0.001964
DOM,20.42,-70.15,11228821,0.7044,0.001964
DOM,20.63,-70.57,11228821,0.7698,0.001964
HTI,15.4,-74.62,11584996,2.7291,0.001964
JAM,16.98,-80.38,2827377,2.3764,0.001964
JAM,17.46,-79.08,2827377,1.0577,0.001964
PRI,22.6,-60,3221789,5.2074,0.001964
PRI,24.55,-58.47,3221789,7.6083,0.001964
PRI,16.21,-62.18,3221789,0.3848,0.001964
PRI,14.86,-65.75,3221789,2.2679,0.001964
PRI,18.76,-63.83,3221789,0.4314,0.001964
TTO,13.46,-61.65,1531044,0.4159,0.001964
TTO,13.37,-61.56,1531044,0.3004,0.001964
USA,41.45,-67.83,333287557,2.1208,0.001964
USA,42.82,-70.32,333287557,0.3183,0.001964
USA,24.76,-80.16,333287557,0.431,0.001964
USA,29.15,-79.77,333287557,0.991,0.001964
USA,42.84,-70.38,333287557,0.2796,0.001964
USA,26.18,-79.77,333287557,0.3213,0.001964
USA,42.36,-70.31,333287557,0.2908,0.001964
USA,28.07,-79.46,333287557,0.974,0.001964
USA,24.63,-80.36,333287557,0.3878,0.001964
USA,10.61,-165.95,333287557,5.4724,0.001964
USA,-0.4,-152.9,333287557,4.1658,0.001964
VEN,12.17,-68.38,28301696,0.0523,0.001964
NZL,-39.318,163.56478,5124100,6.7008,0.001889
CUB,24.26,-81.85,11212191,0.2848,0.00188
JAM,17.58,-75.42,2827377,0.8381,0.00188
USA,19.47,-156.98,333287557,0.9562,0.001876
CUB,24.13,-83.69,11212191,1.2196,0.001864
JAM,18.45,-76.28,2827377,0.3011,0.001864
PRI,24.36,-56.41,3221789,8.5598,0.001848
JAM,16.3,-77.18,2827377,1.4034,0.00184
USA,40.68,-128.9,333287557,4.497,0.001808
BHS,25.28,-75.92,409984,0.2463,0.0018
CAN,43.48,-65.22,38929902,0.1371,0.0018
CUB,24.02,-80.88,11212191,0.6976,0.0018
CUB,24.01,-81.6,11212191,0.5605,0.0018
CUB,25.07,-83.89,11212191,1.8084,0.0018
DOM,16.51,-69.6,11228821,1.8139,0.0018
DOM,20.62,-68.15,11228821,1.6578,0.0018
DOM,19.35,-68.92,11228821,0.247,0.0018
HTI,17.57,-74.14,11584996,0.5242,0.0018
HTI,20.07,-72.4,11584996,0.2358,0.0018
PRI,18.67,-64.98,3221789,0.285,0.0018
TTO,15.84,-60.55,1531044,0.6496,0.0018
USA,25.12,-79.95,333287557,0.3754,0.0018
USA,39.57,-71.94,333287557,1.3738,0.0018
VEN,12.13,-62.2,28301696,0.4272,0.0018
TTO,16.66,-59.06,1531044,1.9546,0.001792
GBR,57.734,-3.158667,66971395,0.0488,0.001777
CUB,24.38,-82.92,11212191,0.8029,0.001776
JAM,17.47,-79.32,2827377,1.2278,0.00174
CAN,43.63,-60.85,38929902,0.7921,0.001728
DOM,18.7,-67.76,11228821,0.5747,0.001728
PRI,16.43,-63.6,3221789,0.7281,0.001728
USA,21.82,-157.55,333287557,0.4015,0.001728
GBR,58.510667,-6.996,66971395,0.2682,0.001717
BHS,26.85,-74.42,409984,2.4137,0.00166
BHS,25.28,-75.92,409984,0.2463,0.00166
CAN,42.82,-63.57,38929902,1.603,0.00166
TTO,15,-59.73,1531044,1.1707,0.00166
USA,29.35,-78.98,333287557,1.7743,0.00166
USA,42.19,-70.25,333287557,0.1107,0.00166
USA,41.88,-69.35,333287557,0.5762,0.00166
VEN,12.43,-69.03,28301696,0.0943,0.00166
USA,11.44,-156.82,333287557,7.478,0.001616
BHS,25.68,-77.39,409984,0.2571,0.0016
USA,43.28,-67.73,333287557,1.0878,0.0016
CUB,19.3,-80.7,11212191,0.3867,0.001596
PRI,17.29,-59.34,3221789,1.9001,0.001596
USA,4.41,-145.74,333287557,11.7436,0.001596
PRI,17.76,-62.65,3221789,0.2074,0.001572
CUB,24.2,-82.12,11212191,0.351,0.001544
DOM,20.36,-71.01,11228821,0.4224,0.001544
JAM,18.7,-77.33,2827377,0.235,0.001544
USA,41.37,-68.81,333287557,1.1516,0.001544
USA,2.19,-135.73,333287557,11.2743,0.001544
TTO,10.64,-58.42,1531044,2.203,0.001532
AUS,-33.12218,114.44685,26005540,0.6727,0.001528
JAM,19.03,-80.42,2827377,0.6995,0.001456
MEX,-7.92,-124.85,127504125,14.0049,0.001448
USA,40.73,-69.98,333287557,0.5097,0.001444
USA,26.74,-82.75,333287557,0.4206,0.00144
BHS,25.7,-76.18,409984,0.4001,0.001424
PRI,26.05,-55.98,3221789,10.1722,0.001392
USA,-11.71,-141.93,333287557,2.5576,0.001384
USA,39.48,-68.28,333287557,2.4449,0.001356
CUB,24.24,-83.02,11212191,0.9427,0.001348
USA,40.33,-68.47,333287557,1.7569,0.001348
VEN,11.52,-63.1,28301696,0.7877,0.001348
VEN,10.78,-64.15,28301696,0.0298,0.001348
CUB,24.11,-83.36,11212191,1.1162,0.001272
USA,40.71,-70.31,333287557,0.5641,0.001272
BHS,26.46,-79.46,409984,0.5213,0.001236
TTO,13.12,-61.3,1531044,0.071,0.0012
BHS,24.22,-74.4,409984,0.0979,0.001168
JAM,16.24,-77.15,2827377,1.4632,0.001152
USA,40.28,-71.98,333287557,0.696,0.00108
CUB,24.2,-81.93,11212191,0.3615,0.001056
ARG,-42.24,-64.05,46234830,0.0349,0.001
ARG,-37.458,-55.868,46234830,0.9752,0.001
ARG,-55.2953,-66.8377,46234830,0.0015,0.001
ATA,-62.1994,-58.9582,40,0.0026,0.001
ATA,-62.5953,-59.9025,40,0.0259,0.001
AUS,-33.893,151.2824,26005540,0.0089,0.001
AUS,-16.4529,123.01,26005540,0.0188,0.001
BHS,23.8867,-76.165,409984,0.1801,0.001
BLZ,16.7005,-87.8818,405272,0.3837,0.001
BRA,17.1136,-40.5274,215313498,15.1671,0.001
BRA,15.1563,-41.091,215313498,14.921,0.001
BRA,-17.9684,-38.7122,215313498,0.5077,0.001
CAN,46.2292,-63.1242,38929902,0.0123,0.001
CAN,46.23,-63.1456,38929902,0.0122,0.001
CAN,46.3883,-63.7825,38929902,0.0105,0.001
CAN,52.3732,-131.356,38929902,0.0036,0.001
CAN,52.1173,-131.1566,38929902,0.017,0.001
CAN,48.8101,-123.3187,38929902,0.0039,0.001
CHL,-54.9431,-69.4812,19603733,0.0092,0.001
CHL,-54.941,-69.1525,19603733,0.005,0.001
CHL,-54.9338,-67.6162,19603733,0.0126,0.001
CHL,-55.6242,-67.484,19603733,0.0353,0.001
CRI,10.302,-85.8414,5180829,0.0024,0.001
CRI,8.6209,-83.1542,5180829,0.0038,0.001
CUB,19.3465,-81.1861,11212191,0.0048,0.001
DOM,19.9017,-70.9533,11228821,0.0093,0.001
ECU,-0.7485,-90.3131,18001000,0.0042,0.001
ECU,-0.898,-89.6147,18001000,0.003,0.001
ESH,23.0333,-36.6333,4000,12.7575,0.001
ESH,20.27,-34.15,4000,9.3587,0.001
ESH,20.3694,-35.275,4000,10.4538,0.001
ESH,21.2109,-27.4535,4000,4.6276,0.001
FJI,-19.0768,-169.7807,929766,0.0081,0.001
FJI,-18.9534,-169.8364,929766,0.0132,0.001
FJI,-19.0279,-169.9209,929766,0.0081,0.001
FJI,-19.9664,-167.7617,929766,2.2115,0.001
FJI,-19.9733,-167.7749,929766,2.2023,0.001
FLK,-51.315,-60.2483,2840,0.0061,0.001
FLK,-54.2844,-36.5065,2840,0.0038,0.001
GBR,50.3288,-5.1932,66971395,0.0047,0.001
GBR,50.2964,-5.2413,66971395,0.0056,0.001
GMB,13.5857,-16.6107,2705992,0.0424,0.001
IDN,-1.9787,108.3947,275501339,0.3873,0.001
IDN,-3.1458,111.4727,275501339,0.1472,0.001
IDN,-2.3293,140.0838,275501339,0.009,0.001
IDN,-8.346,116.0911,275501339,0.0426,0.001
KOR,31.862,124.927,51628117,1.8786,0.001
MAR,24.7347,-17.4917,37457971,1.8249,0.001
MAR,26.27,-21.49,37457971,3.6326,0.001
MAR,23.35,-21.6717,37457971,4.9551,0.001
MAR,30.1167,-15.8833,37457971,0.0229,0.001
MAR,30.155,-15.155,37457971,0.7001,0.001
MAR,30.0403,-16.0294,37457971,0.0069,0.001
MAR,30.0351,-16.0561,37457971,0.0282,0.001
MAR,30.0196,-16.0315,37457971,0.0109,0.001
MEX,20.6476,-87.0509,127504125,0.0041,0.001
MEX,15.757,-96.117,127504125,0.0036,0.001
MEX,19.136,-96.1015,127504125,0.0068,0.001
MEX,16.623,-99.6978,127504125,0.0823,0.001
MEX,17.6251,-101.5569,127504125,0.0003,0.001
MEX,15.8596,-97.0785,127504125,0.0016,0.001
MEX,18.2883,-103.7042,127504125,0.2013,0.001
MEX,20.0076,-105.6062,127504125,0.0842,0.001
MEX,25.2889,-109.4241,127504125,0.3519,0.001
MEX,18.7996,-110.9158,127504125,0.0154,0.001
MEX,19.3096,-110.8192,127504125,0.0075,0.001
MEX,10.3211,-109.2291,127504125,0.0106,0.001
MEX,10.3149,-109.2121,127504125,0.0104,0.001
MEX,10.2942,-109.2004,127504125,0.0105,0.001
MEX,10.2993,-109.1989,127504125,0.0126,0.001
MEX,10.2884,-109.2038,127504125,0.0066,0.001
MEX,-9.7125,-123.0356,127504125,15.0536,0.001
NAM,-18.7,0.6,2567012,6.8261,0.001
NAM,-37.061,-12.3001,2567012,0.0012,0.001
NAM,-37.0703,-12.2441,2567012,0.0094,0.001
NAM,-37.0783,-12.3317,2567012,0.0147,0.001
NAM,-37.4152,-12.4744,2567012,0.3315,0.001
NAM,-40.3438,-9.8764,2567012,0.0361,0.001
NAM,-40.3233,-9.8962,2567012,0.0386,0.001
NAM,-37.293,-12.6443,2567012,0.3621,0.001
NAM,-37.3047,-12.643,2567012,0.3672,0.001
NAM,-37.2854,-12.6657,2567012,0.3768,0.001
NAM,-37.4182,-12.4848,2567012,0.3402,0.001
NZL,-45.8934,170.5178,5124100,0.0277,0.001
PAN,9.4197,-79.9675,4408581,0.0483,0.001
PHL,7.313,134.2236,115559009,0.1323,0.001
PRI,18.4547,-64.4421,3221789,0.0061,0.001
PRI,15.8674,-61.5895,3221789,0.0006,0.001
PRI,18.7167,-64.2833,3221789,0.0052,0.001
SEN,16.8749,-32.3976,17316449,7.0395,0.001
SEN,16.4855,-31.8844,17316449,6.5488,0.001
SEN,17.707,-31.3917,17316449,6.0664,0.001
SEN,17.949,-33.8924,17316449,8.5787,0.001
SEN,16.8167,-33.5667,17316449,8.2097,0.001
SLB,-10.2995,166.2958,724273,0.0263,0.001
SLE,8.4919,-13.2919,8605718,0.008,0.001
SUR,15.2249,-52.1133,618040,7.5994,0.001
SUR,14.0907,-52.5901,618040,6.8998,0.001
TTO,11.9958,-61.7631,1531044,0.0079,0.001
TTO,12.593,-61.4123,1531044,0.0144,0.001
TTO,14.1,-59.4833,1531044,0.7665,0.001
TTO,13.8556,-59.9185,1531044,0.5922,0.001
TTO,16.1713,-51.6602,1531044,8.3299,0.001
TTO,14.9667,-56.9667,1531044,3.0521,0.001
TTO,14.8527,-60.5023,1531044,0.3845,0.001
TTO,15.0837,-53.0038,1531044,6.7049,0.001
TTO,15.0233,-56.8167,1531044,3.2068,0.001
TTO,15.3789,-61.4929,1531044,0.0755,0.001
TUN,36.8867,10.3303,12356117,0.0084,0.001
TWN,26.163,127.342,23600000,0.0023,0.001
USA,59.3787,-153.5209,333287557,0.0078,0.001
USA,59.3681,-153.5523,333287557,0.0025,0.001
USA,59.611,-149.6231,333287557,0.133,0.001
USA,44.3202,-68.3129,333287557,0.0118,0.001
USA,47.38,-122.6407,333287557,0.0048,0.001
USA,41.79,-69.93,333287557,0.0041,0.001
USA,57.0325,-135.3947,333287557,0.0555,0.001
USA,36.9592,-122.0014,333287557,0.0021,0.001
USA,36.9608,-122.0122,333287557,0.0017,0.001
USA,36.8461,-121.8083,333287557,0.0018,0.001
USA,26.4443,-82.0791,333287557,0.0117,0.001
USA,34.2421,-119.2627,333287557,0.0034,0.001
USA,32.8454,-118.3583,333287557,0.0137,0.001
USA,46.2708,-124.0745,333287557,0.0014,0.001
USA,36.9579,-121.9685,333287557,0.0004,0.001
USA,24.5459,-81.4125,333287557,0.0989,0.001
USA,59.7732,-150.0451,333287557,0.0051,0.001
USA,38.8394,-123.7676,333287557,0.0893,0.001
USA,25.7755,-81.3747,333287557,0.0275,0.001
USA,25.8384,-81.3923,333287557,0.0086,0.001
USA,39.4263,-123.8057,333287557,0.0126,0.001
USA,31.033,-155.067,333287557,9.7653,0.001
USA,31.167,-155.033,333287557,9.9034,0.001
USA,29.983,-144.933,333287557,14.3326,0.001
PRI,15.35,-62.7,3221789,0.996,0.000832
PRI,15.62,-62.2,3221789,0.6029,0.000676
AGO,-14.28853,-0.90514,35588987,5.0241,0
AGO,-17.62744,1.8473,35588987,7.6832,0
AGO,-13.583333,-1.573333,35588987,4.7045,0
AGO,-15.791501,3.394063,35588987,8.3102,0
ATA,-54.84316,95.76494,40,11.2227,0
ATA,-53.79864,112.36885,40,11.9958,0
ATA,-53.2547,118.21754,40,13.4486,0
ATA,-59.61187,148.65504,40,8.3814,0
ATA,-67.17017,145.72266,40,0.4106,0
ATA,-67.287916,163.544686,40,0.4741,0
ATA,-67.09732,167.33092,40,2.4279,0
ATA,-69.73631,-165.02739,40,9.1458,0
ATA,-70.20213,-159.05345,40,6.9219,0
ATA,-71.69904,-143.64883,40,3.8478,0
ATA,-69.9921,-115.4874,40,3.9602,0
ATA,-68.758426,-99.939093,40,3.0695,0
ATA,-56.974424,-27.869454,40,0.3953,0
ATA,-59.50325,-21.015,40,5.326,0
ATA,-58.657288,-13.94965,40,12.2911,0
ATA,-57.504384,-7.014012,40,10.8039,0
ATA,-54.653808,0.964228,40,2.3929,0
ATA,-51.04802,6.993731,40,4.8527,0
AUS,-33.9459,151.2608,26005540,0.0153,0
AUS,-42.7405,147.2071,26005540,0.0726,0
AUS,-38.0347,140.6199,26005540,0.0024,0
AUS,-37.162,139.7618,26005540,0.0033,0
AUS,-38.0591,140.7992,26005540,0.0056,0
AUS,-38.0377,140.9438,26005540,0.0171,0
AUS,-33.894,121.8233,26005540,0.003,0
AUS,-17.9303,122.2091,26005540,0.0073,0
AUS,-38.4693,144.0853,26005540,0.0038,0
AUS,-38.6626,143.8651,26005540,0.006,0
AUS,-38.3831,144.2572,26005540,0.0114,0
AUS,-46.0689,117.2944,26005540,10.9359,0
AUS,-40.62293,155.93253,26005540,6.7192,0
AUS,-41.13793,152.27077,26005540,3.8522,0
AUS,-41.91697,144.5381,26005540,0.438,0
AUS,-36.03848,135.67853,26005540,0.8634,0
AUS,-35.47868,132.16957,26005540,2.8647,0
AUS,-35.07215,127.26597,26005540,2.7765,0
AUS,-35.07203,127.23513,26005540,2.7742,0
AUS,-35.07265,127.23187,26005540,2.7746,0
AUS,-34.60373,121.81743,26005540,0.6426,0
AUS,-35.31675,118.61635,26005540,0.4693,0
AUS,-33.11807,114.46918,26005540,0.6574,0
AUS,-39.65648,148.89263,26005540,0.6676,0
AUS,-39.65205,148.87323,26005540,0.6525,0
AUS,-39.64013,148.86148,26005540,0.648,0
AUS,-24.91807,155.20227,26005540,1.8311,0
AUS,-24.9343,155.18305,26005540,1.8112,0
AUS,-35.65593,155.06335,26005540,4.0782,0
AUS,-35.66785,155.05293,26005540,4.0793,0
AUS,-42.30348,148.9488,26005540,0.5929,0
AUS,-15.48633,141.04482,26005540,0.424,0
AUS,-15.51598,141.03977,26005540,0.4209,0
AUS,-17.04805,140.7775,26005540,0.1719,0
AUS,-17.05975,140.7749,26005540,0.1759,0
AUS,-17.07207,140.77237,26005540,0.1804,0
AUS,-18.65812,119.46793,26005540,1.3279,0
AUS,-19.1081,117.7258,26005540,1.3184,0
AUS,-20.38063,115.13538,26005540,0.4096,0
AUS,-20.39898,115.12235,26005540,0.4046,0
AUS,-49.12376,133.55554,26005540,13.1282,0
AUS,-46.38769,150.40645,26005540,3.9707,0
AUS,-40.6229,155.9181,26005540,6.7064,0
AUS,-41.1398,152.2646,26005540,3.8465,0
AUS,-41.9157,144.5373,26005540,0.438,0
AUS,-36.0362,135.6764,26005540,0.8651,0
AUS,-35.4777,132.1626,26005540,2.8698,0
AUS,-35.4756,132.1486,26005540,2.8799,0
AUS,-35.0721,127.2582,26005540,2.7759,0
AUS,-35.0723,127.2351,26005540,2.7745,0
AUS,-35.0729,127.2253,26005540,2.7744,0
AUS,-34.6047,121.815,26005540,0.6444,0
AUS,-34.6069,121.8093,26005540,0.6488,0
AUS,-34.6099,121.797,26005540,0.6566,0
AUS,-35.3157,118.62,26005540,0.4701,0
AUS,-35.3172,118.6137,26005540,0.4684,0
AUS,-35.3183,118.6074,26005540,0.4663,0
AUS,-33.12,114.4594,26005540,0.664,0
AUS,-33.1238,114.4373,26005540,0.6795,0
AUS,-39.6546,148.8843,26005540,0.661,0
AUS,-39.6467,148.8677,26005540,0.6502,0
AUS,-39.6342,148.8566,26005540,0.6467,0
AUS,-24.9225,155.1969,26005540,1.8255,0
AUS,-24.9395,155.1771,26005540,1.805,0
AUS,-35.6615,155.0586,26005540,4.0788,0
AUS,-35.6732,155.0482,26005540,4.0798,0
AUS,-42.3087,148.9488,26005540,0.5938,0
AUS,-12.3042,141.6185,26005540,0.0713,0
AUS,-15.4937,141.0434,26005540,0.4234,0
AUS,-15.5245,141.0381,26005540,0.4203,0
AUS,-17.0539,140.7762,26005540,0.1739,0
AUS,-17.0659,140.7736,26005540,0.1781,0
AUS,-17.0782,140.7713,26005540,0.1827,0
AUS,-18.6598,119.4604,26005540,1.3248,0
AUS,-18.8643,118.6698,26005540,1.1818,0
AUS,-18.8747,118.6334,26005540,1.1858,0
AUS,-19.1099,117.718,26005540,1.3193,0
AUS,-20.3236,115.6446,26005540,0.3953,0
AUS,-20.3294,115.6287,26005540,0.3827,0
AUS,-19.7933,115.982,26005540,1.0235,0
AUS,-19.8139,115.9477,26005540,0.9883,0
AUS,-20.3848,115.1297,26005540,0.4101,0
AUS,-20.3983,115.1164,26005540,0.4092,0
AUS,-21.20236,115.47262,26005540,0.192,0
AUS,-19.95094,117.10174,26005540,0.6383,0
AUS,-15.19432,123.34406,26005540,0.9938,0
AUS,-14.2914,124.78106,26005540,0.3909,0
AUS,-14.27502,124.80036,26005540,0.3827,0
AUS,-13.7412,127.61308,26005540,0.2796,0
AUS,-13.73608,127.62774,26005540,0.2936,0
AUS,-12.82344,129.38588,26005540,0.7532,0
AUS,-12.81908,129.40024,26005540,0.7397,0
AUS,-12.81448,129.41546,26005540,0.7255,0
AUS,-12.41396,130.15976,26005540,0.3232,0
AUS,-12.40858,130.16886,26005540,0.3222,0
AUS,-12.40386,130.1783,26005540,0.3208,0
AUS,-18.994333,146.748833,26005540,0.1327,0
BHS,25.37,-76,409984,0.2581,0
BHS,25.37,-76,409984,0.2581,0
BHS,24.91,-74.4,409984,0.7688,0
BHS,24.83,-74.42,409984,0.6875,0
BHS,27.4,-74.08,409984,3.0463,0
BHS,28.45,-71.93,409984,4.9956,0
BHS,29.14,-71.19,409984,5.9723,0
BHS,29.14,-71.19,409984,5.9723,0
BHS,26.42,-78.7,409984,0.0728,0
BHS,25.65,-76.72,409984,0.0862,0
BHS,25.65,-76.72,409984,0.0862,0
BHS,24.55,-76.1,409984,0.1131,0
BHS,24.75,-75.87,409984,0.1384,0
BHS,28.48,-73.48,409984,4.0742,0
BHS,24.85,-75.45,409984,0.269,0
BHS,26.35,-78.33,409984,0.2562,0
BHS,26.35,-78.33,409984,0.2562,0
BHS,26.73,-75.15,409984,1.8369,0
BHS,26.73,-75.15,409984,1.8369,0
BHS,26.2,-73.62,409984,2.2228,0
BHS,26.12,-78.53,409984,0.3982,0
BHS,26.12,-78.53,409984,0.3982,0
BHS,24.82,-75.98,409984,0.1645,0
BHS,24.82,-75.98,409984,0.1645,0
BHS,23.92,-75.32,409984,0.2156,0
BHS,24.22,-74.98,409984,0.3194,0
BHS,24.22,-74.98,409984,0.3194,0
BHS,28.9,-69.57,409984,5.7711,0
BHS,26.27,-78.67,409984,0.2225,0
BHS,26.17,-79.13,409984,0.4131,0
BHS,26.17,-79.13,409984,0.4131,0
BHS,26.25,-78.57,409984,0.2622,0
BHS,25.85,-78.18,409984,0.3006,0
BHS,25.85,-78.18,409984,0.3006,0
BHS,26.23,-79.28,409984,0.4563,0
BHS,26.17,-79.28,409984,0.3964,0
BHS,25.98,-77.85,409984,0.1929,0
BHS,25.98,-77.85,409984,0.1929,0
BHS,25.6,-77.58,409984,0.2623,0
BHS,25.6,-77.58,409984,0.2623,0
BHS,25.38,-77.55,409984,0.292,0
BHS,25.9,-76.1,409984,0.6152,0
BHS,25.53,-76.12,409984,0.2962,0
BHS,25.95,-77.65,409984,0.2545,0
BHS,25.95,-77.65,409984,0.2545,0
BHS,24,-74.68,409984,0.1282,0
BHS,24.43,-75.93,409984,0.2858,0
BHS,25.85,-76.47,409984,0.3579,0
BHS,27.5,-78.88,409984,0.7465,0
BHS,27.5,-78.88,409984,0.7465,0
BHS,26.27,-79.03,409984,0.3445,0
BHS,26.02,-78.07,409984,0.2982,0
BHS,25.62,-76.98,409984,0.1504,0
BHS,25.62,-76.98,409984,0.1504,0
BHS,26.15,-75.47,409984,1.1945,0
BHS,29.13,-68.9,409984,5.0964,0
BHS,26.18,-78.88,409984,0.3471,0
BHS,26.22,-78.2,409984,0.4031,0
BHS,26.22,-78.2,409984,0.4031,0
BHS,25.9,-77.58,409984,0.2152,0
BHS,25,-77.58,409984,0.0261,0
BHS,25.42,-77.47,409984,0.3427,0
BHS,25.42,-77.47,409984,0.3427,0
BHS,24.82,-75.67,409984,0.126,0
BHS,24.33,-75.95,409984,0.3622,0
BHS,28.28,-78.5,409984,1.4725,0
BHS,24.78,-75.17,409984,0.4759,0
BHS,30.25,-73.59,409984,5.0868,0
BHS,26.53,-79.35,409984,0.3916,0
BHS,26.45,-79.3,409984,0.3919,0
BHS,26.37,-79.28,409984,0.4309,0
BHS,26.45,-78.85,409984,0.0982,0
BHS,26.2,-78.12,409984,0.4355,0
BHS,25.58,-76.5,409984,0.1678,0
BHS,23.82,-75.17,409984,0.0476,0
BHS,27.7,-79.29,409984,1.0031,0
BHS,27.68,-79.09,409984,0.983,0
BHS,28.21,-78.03,409984,1.2918,0
BHS,26.25,-79.11,409984,0.41,0
BHS,26.21,-78.42,409984,0.3641,0
BHS,26.1,-78.29,409984,0.5088,0
BHS,29.59,-68.7,409984,4.6624,0
BHS,30.15,-77.71,409984,3.2234,0
BHS,23.62,-75.04,409984,0.1057,0
BHS,23.62,-75.04,409984,0.1057,0
BHS,24.76,-74.39,409984,0.6206,0
BHS,26.14,-73.19,409984,2.3671,0
BHS,29.2,-77.6,409984,2.2795,0
BHS,29.75,-77.4,409984,2.8372,0
BHS,26.38,-79.3,409984,0.4377,0
BHS,26.42,-79.03,409984,0.2308,0
BHS,25.78,-76.18,409984,0.4736,0
BHS,25.49,-75.98,409984,0.3701,0
BHS,25.48,-76.01,409984,0.345,0
BHS,24.63,-76.02,409984,0.1421,0
BHS,27.66,-79.22,409984,0.9841,0
BHS,25.98,-78.57,409984,0.5248,0
BHS,25.75,-76.77,409984,0.1893,0
BHS,25.95,-76.3,409984,0.5435,0
BHS,26.28,-79.05,409984,0.3483,0
BHS,26.28,-79.05,409984,0.3483,0
BHS,26.02,-77.74,409984,0.2655,0
BHS,26.02,-77.74,409984,0.2655,0
BHS,25.98,-78.28,409984,0.44,0
BHS,25.8,-73.32,409984,2.0116,0
BHS,25.72,-76.35,409984,0.3639,0
BHS,26.17,-78.62,409984,0.3286,0
BHS,25.75,-77.1,409984,0.1851,0
BHS,25.75,-77.1,409984,0.1851,0
BHS,25.77,-77.15,409984,0.1383,0
BHS,25.77,-77.15,409984,0.1383,0
BHS,25.4,-75.18,409984,0.8725,0
BHS,25.4,-75.18,409984,0.8725,0
BHS,24.45,-76.27,409984,0.2215,0
BHS,26.36,-78.57,409984,0.1623,0
BHS,26.36,-78.57,409984,0.1623,0
BHS,25.95,-72.9,409984,2.3873,0
BHS,25.27,-75.13,409984,0.7957,0
BHS,25.27,-75.13,409984,0.7957,0
BHS,24.62,-74.32,409984,0.4976,0
BHS,26.17,-79.02,409984,0.4224,0
BHS,26.47,-79.28,409984,0.3639,0
BHS,26.42,-77.91,409984,0.1498,0
BHS,25.89,-77.39,409984,0.1136,0
BHS,25.88,-77.38,409984,0.1132,0
BHS,25.89,-77.37,409984,0.0997,0
BHS,28.08,-73.64,409984,3.7512,0
BHS,26.25,-79.48,409984,0.5258,0
BHS,26.13,-78.9,409984,0.4009,0
BHS,26.73,-78.62,409984,0.0091,0
BHS,26.2,-79.13,409984,0.4419,0
BHS,26.17,-78.13,409984,0.4549,0
BHS,26.32,-74.38,409984,2.0848,0
BHS,25.73,-76.22,409984,0.4129,0
BHS,25.93,-75.27,409984,1.1633,0
BHS,24.9,-76.03,409984,0.107,0
BHS,24.22,-75.82,409984,0.3042,0
BHS,23.8,-75.17,409984,0.0545,0
BHS,26.25,-79.3,409984,0.4779,0
BHS,26.25,-79.3,409984,0.4779,0
BHS,23.8,-75.15,409984,0.0359,0
BHS,24.95,-75.97,409984,0.1661,0
BHS,23.9,-74.48,409984,0.0616,0
BHS,30,-76.9,409984,3.1597,0
BHS,29.25,-68.53,409984,4.7325,0
BHS,26,-79.35,409984,0.2448,0
BHS,25.95,-77.27,409984,0.0167,0
BHS,25.27,-77.23,409984,0.2135,0
BHS,25.27,-77.23,409984,0.2135,0
BHS,25.32,-77.15,409984,0.2856,0
BHS,25.68,-76.8,409984,0.1321,0
BHS,25.68,-76.43,409984,0.2744,0
BHS,29.38,-77.35,409984,2.473,0
BHS,29.25,-76.18,409984,2.7237,0
BHS,28.42,-75.53,409984,2.4314,0
BHS,28.47,-73.05,409984,4.4514,0
BHS,23.93,-74.78,409984,0.2128,0
BHS,27.65,-78.96,409984,0.9159,0
BHS,28,-76.96,409984,1.2517,0
BHS,29.95,-77.1,409984,3.0717,0
BHS,28.07,-78.73,409984,1.2668,0
BHS,29.37,-77.36,409984,2.462,0
BHS,25.18,-73.35,409984,1.5189,0
BHS,26.42,-78.17,409984,0.2101,0
BHS,26.16,-77.85,409984,0.2978,0
BHS,25.92,-77.37,409984,0.0803,0
BHS,25.75,-77.22,409984,0.1352,0
BHS,25.86,-76.31,409984,0.4747,0
BHS,25.59,-74.6,409984,1.3951,0
BHS,24.86,-74.17,409984,0.7743,0
BHS,26.6,-79.39,409984,0.405,0
BHS,28.16,-78.61,409984,1.3496,0
BHS,27.68,-78.19,409984,0.8078,0
BHS,25.7,-76.82,409984,0.1567,0
BHS,25.82,-76.19,409984,0.5078,0
BHS,26.36,-75.51,409984,1.3224,0
BHS,26.16,-75.4,409984,1.2487,0
BHS,24.84,-72.76,409984,1.8305,0
BHS,26.59,-79.32,409984,0.3408,0
BHS,27.89,-78.18,409984,1.005,0
BHS,27.67,-72.1,409984,4.2441,0
BHS,26.43,-79.41,409984,0.4934,0
BHS,26.16,-78.04,409984,0.4033,0
BHS,29.51,-73.94,409984,4.3141,0
BHS,27.76,-76.27,409984,1.4531,0
BHS,25.64,-76.54,409984,0.1588,0
BHS,26.41,-79.38,409984,0.4801,0
BHS,29.7,-77.57,409984,2.7798,0
BHS,30.01,-76.53,409984,3.2719,0
BHS,30,-74.58,409984,4.2548,0
BHS,29.9,-74.18,409984,4.4327,0
BHS,25.8,-79.36,409984,0.0902,0
BLZ,17.4983,-87.8358,405272,0.0133,0
BLZ,16.9733,-87.7025,405272,0.3346,0
BLZ,16.7131,-87.8549,405272,0.4062,0
BLZ,16.7149,-87.8683,405272,0.3928,0
BLZ,16.7168,-87.8784,405272,0.3825,0
BLZ,16.7156,-87.8752,405272,0.3859,0
BLZ,16.7594,-87.7752,405272,0.4762,0
BRA,5.6,-48.6,215313498,2.9911,0
BRA,17.1887,-39.315,215313498,13.9552,0
BRA,16.1628,-41.0668,215313498,15.6807,0
BRA,16.4997,-41.9779,215313498,15.3614,0
BRA,16.5811,-41.0054,215313498,15.6522,0
BRA,17.6506,-40.1068,215313498,14.7584,0
BRA,11.4006,-38.5222,215313498,13.9158,0
BRA,-12.9724,-38.516,215313498,0.0047,0
BRA,-13.9155,-38.9899,215313498,0.006,0
BRA,-14.7732,-38.9879,215313498,0.0489,0
BRA,-33.218,-51.063,215313498,1.4579,0
BRA,15.255667,-43.556333,215313498,13.4199,0
CAN,45.28,-60.29,38929902,0.3775,0
CAN,44.55,-62.69,38929902,0.2097,0
CAN,44.55,-62.69,38929902,0.2097,0
CAN,42.9,-64.04,38929902,1.2258,0
CAN,42.71,-65.39,38929902,0.751,0
CAN,42.71,-65.39,38929902,0.751,0
CAN,43.77,-63.98,38929902,0.575,0
CAN,38.73,-65.4,38929902,4.6976,0
CAN,39.33,-65.77,38929902,4.0945,0
CAN,40.18,-65.82,38929902,3.2477,0
CAN,41.58,-66.63,38929902,2.0966,0
CAN,41.58,-66.63,38929902,2.0966,0
CAN,42.43,-66.23,38929902,1.16,0
CAN,42.58,-65.43,38929902,0.8652,0
CAN,42.78,-66.57,38929902,1.0627,0
CAN,42.78,-66.57,38929902,1.0627,0
CAN,43.27,-63.87,38929902,1.0646,0
CAN,43.27,-63.87,38929902,1.0646,0
CAN,43.1,-64.21,38929902,0.9633,0
CAN,42.45,-64.54,38929902,1.3557,0
CAN,42.45,-64.54,38929902,1.3557,0
CAN,41.56,-65.07,38929902,1.9441,0
CAN,37.43,-65.38,38929902,5.0902,0
CAN,41.62,-65.82,38929902,1.8122,0
CAN,41.02,-65.95,38929902,2.4234,0
CAN,41.35,-64.72,38929902,2.2513,0
CAN,41.8,-63.78,38929902,2.2851,0
CAN,41.72,-62.6,38929902,2.9102,0
CAN,35.6,-64.67,38929902,3.2113,0
CAN,40.65,-65.95,38929902,2.7906,0
CAN,42.85,-66.22,38929902,0.8227,0
CAN,43.32,-65.13,38929902,0.3083,0
CAN,42.07,-65.3,38929902,1.3915,0
CAN,34.72,-62.4,38929902,3.2531,0
CAN,42.44,-67.56,38929902,1.8926,0
CAN,42.46,-67.4,38929902,1.8115,0
CAN,41.58,-66.7,38929902,2.1309,0
CAN,39.17,-66.08,38929902,4.2759,0
CAN,39.17,-66.08,38929902,4.2759,0
CAN,37.82,-65.23,38929902,5.4595,0
CAN,41.39,-64.07,38929902,2.4985,0
CAN,41.94,-67.21,38929902,2.1065,0
CAN,41.09,-64.38,38929902,2.6206,0
CAN,42.59,-62.44,38929902,2.1633,0
CAN,43.39,-60.24,38929902,0.562,0
CAN,43.53,-59.79,38929902,0.3995,0
CAN,45.52,-58.62,38929902,1.1842,0
CAN,45.58,-60.29,38929902,0.1064,0
CAN,44.96,-61.25,38929902,0.2412,0
CAN,44.64,-62.69,38929902,0.1404,0
CAN,44.2,-64.07,38929902,0.1945,0
CAN,43.27,-65.33,38929902,0.2447,0
CAN,35.8,-64.54,38929902,3.4141,0
CAN,38.27,-64.85,38929902,5.2106,0
CAN,39.14,-65.04,38929902,4.3224,0
CAN,42.12,-65.42,38929902,1.3187,0
CAN,42.79,-65.11,38929902,0.7713,0
CAN,43.55,-64.51,38929902,0.426,0
CAN,43.75,-64.31,38929902,0.4146,0
CAN,43.96,-64.33,38929902,0.2467,0
CAN,41.45,-65.98,38929902,2.0031,0
CAN,42.88,-65.47,38929902,0.5649,0
CAN,43.12,-64.76,38929902,0.6524,0
CAN,43.83,-62.39,38929902,0.9837,0
CAN,43.86,-62.37,38929902,0.9577,0
CAN,44.32,-61.97,38929902,0.6611,0
CAN,45.41,-58.64,38929902,1.2176,0
CAN,45.41,-58.64,38929902,1.2176,0
CAN,47.41,-56.17,38929902,0.075,0
CAN,47.41,-56.17,38929902,0.075,0
CAN,47.09,-56.57,38929902,0.174,0
CAN,44.95,-56.87,38929902,1.9009,0
CAN,43.49,-63.42,38929902,0.9743,0
CAN,43.8,-63.32,38929902,0.71,0
CAN,42.53,-62.88,38929902,2.0537,0
CAN,39.29,-65.69,38929902,4.1325,0
CAN,37.9,-58.8,38929902,6.1159,0
CAN,39.76,-65,38929902,3.7157,0
CAN,40.35,-65.54,38929902,3.0733,0
CAN,41.32,-66.1,38929902,2.1542,0
CAN,42,-66.48,38929902,1.6573,0
CAN,42,-66.48,38929902,1.6573,0
CAN,42.58,-65.77,38929902,0.8538,0
CAN,42.58,-65.77,38929902,0.8538,0
CAN,43.93,-64.54,38929902,0.1439,0
CAN,43.93,-64.54,38929902,0.1439,0
CAN,43.26,-66.17,38929902,0.4618,0
CAN,40.47,-63.68,38929902,3.4884,0
CAN,46.3,-52.95,38929902,0.3772,0
CAN,47.27,-56.27,38929902,0.1528,0
CAN,44.22,-63.87,38929902,0.26,0
CAN,40.78,-60.25,38929902,3.1423,0
CAN,40.78,-60.25,38929902,3.1423,0
CAN,38.2,-60.9,38929902,5.7813,0
CAN,38.2,-60.9,38929902,5.7813,0
CAN,36.3,-59.95,38929902,6.1259,0
CAN,43.35,-62.98,38929902,1.2588,0
CAN,41.38,-64.15,38929902,2.4654,0
CAN,41.63,-63.27,38929902,2.7019,0
CAN,42.07,-62.28,38929902,2.7044,0
CAN,41.33,-66.12,38929902,2.149,0
CAN,41.88,-63.56,38929902,2.3317,0
CAN,42.77,-64.77,38929902,0.9624,0
CAN,41.25,-64.77,38929902,2.3301,0
CAN,47.58,-56.25,38929902,0.0477,0
CAN,43.4,-64.8,38929902,0.3881,0
CAN,43.08,-65.55,38929902,0.351,0
CAN,39.73,-66.13,38929902,3.7259,0
CAN,43.49,-59.55,38929902,0.5183,0
CAN,41.52,-66.42,38929902,2.0601,0
CAN,41.28,-66.08,38929902,2.1891,0
CAN,42,-64.22,38929902,1.8956,0
CAN,42.08,-63.35,38929902,2.2975,0
CAN,45.42,-60.33,38929902,0.2319,0
CAN,44.45,-61.9,38929902,0.5423,0
CAN,44.3,-63.15,38929902,0.3542,0
CAN,44.17,-62.98,38929902,0.5113,0
CAN,41.54,-66.64,38929902,2.1365,0
CAN,40.7,-65.96,38929902,2.7421,0
CAN,38.26,-65.32,38929902,5.1713,0
CAN,41.73,-64.74,38929902,1.8897,0
CAN,42.24,-63.21,38929902,2.241,0
CAN,42.53,-62.27,38929902,2.2584,0
CAN,43.04,-60.92,38929902,1.2084,0
CAN,44.14,-59.85,38929902,0.1793,0
CAN,44.23,-60.95,38929902,0.863,0
CAN,44.04,-61.96,38929902,0.9317,0
CAN,44.08,-64.26,38929902,0.1806,0
CAN,44.34,-64.24,38929902,0.021,0
CAN,41.83,-66.29,38929902,1.7239,0
CAN,40.13,-64.18,38929902,3.5831,0
CAN,41.92,-67.06,38929902,2.0508,0
CAN,41.53,-66.15,38929902,1.9625,0
CAN,42.1,-63.35,38929902,2.2823,0
CAN,43.02,-60.73,38929902,1.108,0
CAN,43.91,-59,38929902,0.7149,0
CAN,44.41,-61.61,38929902,0.6763,0
CAN,44.27,-64.03,38929902,0.2051,0
CAN,43.71,-64.16,38929902,0.5456,0
CAN,43.27,-63.66,38929902,1.1684,0
CAN,42.64,-63.05,38929902,1.8927,0
CAN,42.27,-63.85,38929902,1.8468,0
CAN,37.61,-64.38,38929902,5.2297,0
CAN,35.13,-64.06,38929902,2.8097,0
CAN,34.57,-64.25,38929902,2.2226,0
CAN,39.98,-65.99,38929902,3.461,0
CAN,41.75,-64.95,38929902,1.7992,0
CAN,41.75,-64.24,38929902,2.1038,0
CAN,42.24,-63.23,38929902,2.2373,0
CAN,43.99,-58.95,38929902,0.7576,0
CAN,44.26,-61.68,38929902,0.788,0
CAN,41.69,-67.05,38929902,2.2405,0
CAN,39.83,-66.33,38929902,3.6599,0
CAN,38.99,-65.09,38929902,4.4647,0
CAN,37.55,-63.92,38929902,5.2164,0
CAN,43.68,-63.39,38929902,0.7985,0
CAN,42.5,-63.7,38929902,1.7508,0
CAN,37.3,-65.39,38929902,4.963,0
CAN,37.15,-64.07,38929902,4.7998,0
CAN,39.62,-66.49,38929902,3.84,0
CAN,39.62,-66.49,38929902,3.84,0
CAN,33.52,-60.64,38929902,4.1699,0
CAN,32.04,-62.79,38929902,1.8864,0
CAN,43.61,-67,38929902,0.8668,0
CAN,40.33,-65.42,38929902,3.0991,0
CAN,40.18,-64.7,38929902,3.3725,0
CAN,39.92,-63.62,38929902,4.0024,0
CAN,42.04,-60.66,38929902,1.9758,0
CAN,43.87,-58.92,38929902,0.8003,0
CAN,44.67,-61.57,38929902,0.4231,0
CAN,44.18,-61.41,38929902,0.9359,0
CAN,42.6,-65.49,38929902,0.8337,0
CAN,38.17,-62.73,38929902,5.9657,0
CAN,36.74,-60.34,38929902,6.1374,0
CAN,33.43,-58.62,38929902,6.1204,0
CAN,33.44,-58.61,38929902,6.132,0
CAN,39.86,-64.56,38929902,3.719,0
CAN,36.23,-64.07,38929902,3.8889,0
CAN,36.25,-64.07,38929902,3.9086,0
CAN,41.63,-63.64,38929902,2.5041,0
CAN,42.41,-66.21,38929902,1.1671,0
CAN,41.95,-65.09,38929902,1.5672,0
CAN,42.51,-65.67,38929902,0.913,0
CAN,43.04,-66,38929902,0.5327,0
CAN,43.36,-66.53,38929902,0.5602,0
CAN,34.62,-63.53,38929902,2.5085,0
CAN,34.61,-63.52,38929902,2.5042,0
CAN,49.6,-127.57,38929902,0.4708,0
CAN,50.38,-128.33,38929902,0.1874,0
CAN,51.04,-129.04,38929902,0.3905,0
CAN,52.2,-132.57,38929902,0.7036,0
CAN,53.07,-133.66,38929902,0.8384,0
CAN,53.26,-134.15,38929902,1.1653,0
CAN,53.31,-135.67,38929902,2.5844,0
CAN,54.05,-135.29,38929902,1.8923,0
CAN,55.43,-134.72,38929902,0.5695,0
CAN,54.3,-132.57,38929902,0.1767,0
CAN,53.15,-133.14,38929902,0.4173,0
CAN,49.4856,-124.3535,38929902,0.0035,0
CAN,49.4856,-124.3535,38929902,0.0035,0
CAN,41.4,-39.7,38929902,8.6435,0
CAN,37.8504,-51.483,38929902,8.9343,0
CAN,33.1602,-48.2675,38929902,14.3242,0
CAN,47.5555,-137.070333,38929902,7.1367,0
CAN,47.680083,-138.306,38929902,7.8989,0
CAN,47.567667,-141.577333,38929902,10.4799,0
CAN,47.619833,-143.180667,38929902,11.8049,0
CAN,48.734,-142.846583,38929902,10.8274,0
CAN,51.67425,-139.80325,38929902,6.6297,0
CAN,50.657083,-139.807333,38929902,7.3921,0
CAN,49.767167,-138.455833,38929902,6.6614,0
CAN,48.722,-138.345333,38929902,7.2242,0
CAN,48.701083,-136.82175,38929902,6.1212,0
CAN,37.447832,-38.825687,38929902,7.7891,0
CAN,74.647833,-92.948333,38929902,0.5063,0
CAN,74.198333,-95.568333,38929902,0.3178,0
CAN,71.335,-96.838333,38929902,0.3363,0
CAN,69.18,-116.635,38929902,0.2573,0
CAN,48.796167,-64.249333,38929902,0.0092,0
CAN,48.363,-70.643,38929902,0.0069,0
CAN,88.6113,-121.77868,38929902,11.5854,0
CAN,88.6113,-121.77868,38929902,11.5854,0
CHL,-32.9211,-71.6411,19603733,0.086,0
CHL,-20.1871,-70.1806,19603733,0.0206,0
CHL,-20.6467,-70.1982,19603733,0.0039,0
CHL,-56.5172,-68.7196,19603733,1.0038,0
CHL,-55.8264,-67.2705,19603733,0.0018,0
CHL,-55.8101,-67.5153,19603733,0.0008,0
CHL,-55.7501,-67.5083,19603733,0.0061,0
CHL,-55.5904,-67.5255,19603733,0.0624,0
CHL,-55.6251,-67.4814,19603733,0.0352,0
CHL,-55.5226,-83.5851,19603733,9.1417,0
CHL,-59.60222,-67.92524,19603733,3.6962,0
CHL,-27.00323,-77.51412,19603733,2.4626,0
CHL,-27.00978,-83.54816,19603733,3.518,0
CHL,-27.01542,-83.55402,19603733,3.5249,0
CHL,-33.1071,-82.387,19603733,1.7254,0
CHL,-33.0195,-83.4213,19603733,2.7389,0
CHL,-45.396667,-73.646667,19603733,0.0433,0
CIV,-9.58598,-4.70603,28160542,6.3888,0
CIV,-10.7709,-3.74105,28160542,5.4806,0
CIV,-15.142267,-8.123633,28160542,2.4836,0
COL,13.63,-70.97,51874024,1.3044,0
COL,13.63,-70.97,51874024,1.3044,0
COL,10.53,-75.92,51874024,0.3659,0
COL,10.53,-75.92,51874024,0.3659,0
COL,11.95,-77.68,51874024,2.5601,0
COL,14.15,-70.94,51874024,1.7598,0
COL,14.19,-71.09,51874024,1.7968,0
COL,14.92,-71.71,51874024,2.4519,0
COL,13.35,-71.32,51874024,0.9267,0
COL,13.03,-75.58,51874024,2.0564,0
COL,14.62,-71.35,51874024,2.1762,0
COL,14.9,-70.38,51874024,2.2919,0
COL,14.9,-70.38,51874024,2.2919,0
COL,13.67,-70.82,51874024,1.2912,0
COL,14.98,-73.11,51874024,2.8852,0
COL,14.97,-71.18,51874024,2.5472,0
COL,12.057667,-72.849667,51874024,0.366,0
CRI,6.32,-87.77,5180829,1.0272,0
CRI,5.59,-87.04,5180829,0.0405,0
CRI,5.62,-86.96,5180829,0.1217,0
CRI,7.73,-85.75,5180829,1.9318,0
CRI,7.99,-85.51,5180829,1.6138,0
CRI,9.39,-84.95,5180829,0.2305,0
CRI,9.71,-84.99,5180829,0.0081,0
CRI,8.97,-85.23,5180829,0.5961,0
CRI,5.97,-86.73,5180829,0.5309,0
CRI,5,-87.56,5180829,0.6789,0
CRI,3.01,-88.1,5180829,2.6908,0
CRI,9.597,-84.679,5180829,0.0345,0
CRI,9.6655,-85.1926,5180829,0.0059,0
CRI,4.7959,-87.4933,5180829,0.8114,0
CRI,5.5532,-87.0449,5180829,0.0197,0
CRI,2.667,-93.65,5180829,1.9238,0
CUB,22.27,-73.75,11212191,0.2318,0
CUB,22.27,-73.75,11212191,0.2318,0
CUB,22.86,-73.86,11212191,0.127,0
CUB,23.63,-73.75,11212191,0.5301,0
CUB,24.03,-74.04,11212191,0.3902,0
CUB,24.38,-72.43,11212191,1.7816,0
CUB,24.21,-84.02,11212191,1.4185,0
CUB,24.73,-83.47,11212191,1.3314,0
CUB,24.73,-83.47,11212191,1.3314,0
CUB,20.93,-73.83,11212191,0.1518,0
CUB,22.68,-74.55,11212191,0.1979,0
CUB,22.97,-73.2,11212191,0.4621,0
CUB,23.27,-74.92,11212191,0.1652,0
CUB,23.27,-74.92,11212191,0.1652,0
CUB,24.18,-83.73,11212191,1.2808,0
CUB,24.18,-83.73,11212191,1.2808,0
CUB,24.15,-83.9,11212191,1.3243,0
CUB,23.93,-83.57,11212191,0.9898,0
CUB,23.98,-81.55,11212191,0.602,0
CUB,24.27,-82.2,11212191,0.2897,0
CUB,19.37,-74.52,11212191,0.6803,0
CUB,19.88,-76.45,11212191,0.0812,0
CUB,19.53,-77.45,11212191,0.3256,0
CUB,19.4,-78.57,11212191,0.9493,0
CUB,19.58,-79.08,11212191,0.6654,0
CUB,24.1,-82.25,11212191,0.4669,0
CUB,24.1,-82.25,11212191,0.4669,0
CUB,24.2,-82.35,11212191,0.4148,0
CUB,24.5,-82.93,11212191,0.7897,0
CUB,23.17,-74.63,11212191,0.2739,0
CUB,23.48,-81.3,11212191,0.3035,0
CUB,20.58,-81.74,11212191,1.0386,0
CUB,21.47,-83.92,11212191,0.463,0
CUB,21.69,-84.68,11212191,0.1839,0
CUB,24.36,-82.66,11212191,0.5645,0
CUB,24.51,-82.44,11212191,0.3057,0
CUB,24.18,-81.87,11212191,0.3668,0
CUB,22.88,-73.6,11212191,0.2197,0
CUB,19.8,-79.69,11212191,0.0634,0
CUB,20.18,-79.84,11212191,0.4327,0
CUB,20.35,-79.97,11212191,0.6309,0
CUB,24.24,-81.83,11212191,0.3029,0
CUB,24.24,-81.83,11212191,0.3029,0
CUB,23.95,-82.22,11212191,0.6077,0
CUB,24.6,-83.67,11212191,1.5243,0
CUB,23.33,-74.8,11212191,0.2779,0
CUB,20.64,-73.66,11212191,0.2728,0
CUB,20.03,-73.75,11212191,0.3904,0
CUB,19.82,-75.51,11212191,0.0594,0
CUB,19.82,-75.51,11212191,0.0594,0
CUB,24.22,-83.18,11212191,1.0994,0
CUB,24.08,-82.67,11212191,0.7174,0
CUB,20.21,-79.82,11212191,0.4584,0
CUB,25.14,-84.23,11212191,2.1549,0
CUB,24.02,-83.89,11212191,1.1968,0
CUB,24.29,-83,11212191,0.9063,0
CUB,23.96,-82.13,11212191,0.5908,0
CUB,23.89,-82.04,11212191,0.6668,0
CUB,21.67,-73.56,11212191,0.4687,0
CUB,20.85,-73.82,11212191,0.1672,0
CUB,20.02,-80.17,11212191,0.3371,0
CUB,23.47,-83.2,11212191,0.4674,0
CUB,23.47,-83.2,11212191,0.4674,0
CUB,23.57,-81.78,11212191,0.4125,0
CUB,23.9,-81.73,11212191,0.648,0
CUB,24.1,-81.77,11212191,0.4448,0
CUB,24.52,-82.67,11212191,0.5293,0
CUB,24.53,-83.35,11212191,1.2059,0
CUB,24.53,-83.35,11212191,1.2059,0
CUB,24.1,-83.18,11212191,1.086,0
CUB,24.14,-82.83,11212191,0.8127,0
CUB,24.42,-83.35,11212191,1.2166,0
CUB,23.74,-80.69,11212191,0.5242,0
CUB,23.74,-80.69,11212191,0.5242,0
CUB,23.47,-80.3,11212191,0.3242,0
CUB,23.92,-74.23,11212191,0.2399,0
CUB,23.47,-73.92,11212191,0.3804,0
CUB,19.52,-81.95,11212191,0.5532,0
CUB,21.05,-84.08,11212191,0.8172,0
CUB,24.1,-81.03,11212191,0.5888,0
CUB,24.05,-80.15,11212191,0.7312,0
CUB,24.1,-81.03,11212191,0.5888,0
CUB,24.05,-80.15,11212191,0.7312,0
CUB,23.2,-74.45,11212191,0.3787,0
CUB,20.35,-79.57,11212191,0.6179,0
CUB,19.68,-79.97,11212191,0.0192,0
CUB,22.93,-74.65,11212191,0.1841,0
CUB,21.78,-74.53,11212191,0.4662,0
CUB,20.58,-73.83,11212191,0.3785,0
CUB,23.85,-81.47,11212191,0.7011,0
CUB,22,-74.18,11212191,0.197,0
CUB,21.13,-73.73,11212191,0.0639,0
CUB,23.83,-81.97,11212191,0.6327,0
CUB,23.83,-81.97,11212191,0.6327,0
CUB,23.85,-80.8,11212191,0.5953,0
CUB,19.88,-79.55,11212191,0.222,0
CUB,24.85,-83.55,11212191,1.4276,0
CUB,21.12,-74.37,11212191,0.6281,0
CUB,23.62,-80.38,11212191,0.4341,0
CUB,23.91,-81.3,11212191,0.7137,0
CUB,23.22,-74.77,11212191,0.2069,0
CUB,22.72,-74.6,11212191,0.2613,0
CUB,21.92,-74.3,11212191,0.2526,0
CUB,24.32,-84.47,11212191,1.6564,0
CUB,24.08,-82.6,11212191,0.6661,0
CUB,24.08,-81.3,11212191,0.5549,0
CUB,19.55,-79.18,11212191,0.5778,0
CUB,24.24,-82.37,11212191,0.3935,0
CUB,24.38,-82.53,11212191,0.4361,0
CUB,24.03,-82.82,11212191,0.8655,0
CUB,24.55,-82.92,11212191,0.7754,0
CUB,23.87,-82.9,11212191,0.8368,0
CUB,19.38,-74.09,11212191,0.6964,0
CUB,21.54,-81.02,11212191,0.3879,0
CUB,22.21,-85.26,11212191,0.4417,0
CUB,23.21,-84.21,11212191,0.5177,0
CUB,19.45,-80.55,11212191,0.4841,0
CUB,24.27,-82.21,11212191,0.2924,0
CUB,24.37,-82.24,11212191,0.2123,0
CUB,24.17,-82.58,11212191,0.5905,0
CUB,24.58,-83.38,11212191,1.2343,0
CUB,22.04,-74.58,11212191,0.3303,0
CUB,24.15,-83.88,11212191,1.3183,0
CUB,21.88,-73.33,11212191,0.4511,0
CUB,21.76,-73.36,11212191,0.3803,0
CUB,21.18,-73.64,11212191,0.0705,0
CUB,20.51,-73.69,11212191,0.4049,0
CUB,24.68,-83.8,11212191,1.6566,0
CUB,24.14,-82.22,11212191,0.4209,0
CUB,23.82,-81.58,11212191,0.6566,0
CUB,24.41,-82.21,11212191,0.1626,0
CUB,24.06,-81.92,11212191,0.4939,0
CUB,23.85,-81.88,11212191,0.6673,0
CUB,23.85,-81.88,11212191,0.6673,0
CUB,24.06,-82.35,11212191,0.5384,0
CUB,24.5,-83.11,11212191,0.9687,0
CUB,24.78,-83.3,11212191,1.1694,0
CUB,24.78,-83.3,11212191,1.1694,0
CUB,24.19,-82.01,11212191,0.3795,0
CUB,24.05,-82.08,11212191,0.5032,0
CUB,24.11,-82.09,11212191,0.4426,0
CUB,19.02,-75.31,11212191,0.6645,0
CUB,23.98,-81.64,11212191,0.5826,0
CUB,23.96,-81.98,11212191,0.6056,0
CUB,24.09,-81.86,11212191,0.4548,0
CUB,24.94,-85.12,11212191,2.4669,0
CUB,25.08,-84.15,11212191,2.0626,0
CUB,25.3,-84.57,11212191,2.5253,0
CUB,24.83,-83.67,11212191,1.5426,0
CUB,19.77,-81.06,11212191,0.4212,0
CUB,19.98,-81.3,11212191,0.5928,0
CUB,24.45,-83.85,11212191,1.5762,0
CUB,24.56,-83.17,11212191,1.0248,0
CUB,24.02,-82.84,11212191,0.8875,0
CUB,24.22,-82.23,11212191,0.346,0
CUB,24.37,-83.54,11212191,1.4037,0
CUB,24.51,-84.31,11212191,1.8076,0
CUB,24.9,-84.74,11212191,2.2889,0
CUB,19.93,-81.81,11212191,0.6728,0
CUB,24.04,-81.92,11212191,0.5135,0
CUB,24.02,-81.91,11212191,0.5312,0
CUB,24.01,-82.07,11212191,0.544,0
CUB,24.14,-81.98,11212191,0.4352,0
CUB,24.05,-82.22,11212191,0.5091,0
CUB,19.3331,-81.0845,11212191,0.0047,0
CUB,19.2808,-81.246,11212191,0.0001,0
CUB,22.3617,-72.9833,11212191,0.0064,0
DEU,54.51815,11.262533,83797985,0.0319,0
DEU,54.393333,10.196333,83797985,0.0061,0
DEU,54.769833,9.870167,83797985,0.0058,0
DNK,54.86375,12.305633,5903037,0.0715,0
DNK,56.153,10.7535,5903037,0.0142,0
DOM,18.03,-68.42,11228821,0.1706,0
DOM,18.03,-68.42,11228821,0.1706,0
DOM,17.4,-68.78,11228821,0.7189,0
DOM,17.4,-68.78,11228821,0.7189,0
DOM,17.87,-70.4,11228821,0.3441,0
DOM,16.68,-71.35,11228821,0.883,0
DOM,16.68,-71.35,11228821,0.883,0
DOM,23.48,-71.72,11228821,1.5326,0
DOM,20,-70.8,11228821,0.0995,0
DOM,17.72,-69.2,11228821,0.6104,0
DOM,20.23,-70.08,11228821,0.5528,0
DOM,20.73,-69.95,11228821,1.0499,0
DOM,20.58,-70.17,11228821,0.8469,0
DOM,20.13,-71.87,11228821,0.3152,0
DOM,18.47,-67.82,11228821,0.3564,0
DOM,18.47,-67.82,11228821,0.3564,0
DOM,19.98,-70.37,11228821,0.2145,0
DOM,22.85,-71.58,11228821,0.9604,0
DOM,16.17,-68.88,11228821,1.9528,0
DOM,21.5,-70.28,11228821,0.8493,0
DOM,15.55,-72.15,11228821,2.0913,0
DOM,20.02,-70.32,11228821,0.2699,0
DOM,15.38,-72.43,11228821,2.3473,0
DOM,15.28,-72.43,11228821,2.4398,0
DOM,15.28,-72.43,11228821,2.4398,0
DOM,16.96,-70.33,11228821,1.2535,0
DOM,22.29,-71.93,11228821,0.3314,0
DOM,20.57,-71.68,11228821,0.671,0
DOM,24.62,-72.03,11228821,2.2353,0
DOM,24.62,-72.03,11228821,2.2353,0
DOM,24.2,-69.95,11228821,2.9098,0
DOM,23.47,-69.83,11228821,2.3534,0
DOM,21.75,-69.57,11228821,1.5806,0
DOM,21.75,-69.57,11228821,1.5806,0
DOM,20.22,-70.48,11228821,0.4332,0
DOM,22.2,-70.72,11228821,0.8037,0
DOM,22.2,-70.72,11228821,0.8037,0
DOM,21.62,-69.95,11228821,1.1866,0
DOM,23.85,-70.35,11228821,2.4058,0
DOM,20.62,-68.15,11228821,1.6578,0
DOM,20.98,-68.28,11228821,1.8758,0
DOM,20.98,-68.28,11228821,1.8758,0
DOM,21.17,-68.83,11228821,1.8507,0
DOM,20.43,-71.17,11228821,0.5172,0
DOM,20.43,-71.17,11228821,0.5172,0
DOM,20.68,-71.58,11228821,0.6169,0
DOM,20.68,-71.58,11228821,0.6169,0
DOM,18.08,-68.22,11228821,0.2825,0
DOM,18.43,-68.22,11228821,0.1776,0
DOM,20.18,-69.92,11228821,0.5014,0
DOM,15.12,-70.97,11228821,2.4881,0
DOM,15.15,-70.6,11228821,2.567,0
DOM,15.15,-70.6,11228821,2.567,0
DOM,16.03,-71.08,11228821,1.5794,0
DOM,16.03,-71.08,11228821,1.5794,0
DOM,17.1,-71.45,11228821,0.4517,0
DOM,17.1,-71.45,11228821,0.4517,0
DOM,17.28,-71.8,11228821,0.3774,0
DOM,15.32,-72.15,11228821,2.3118,0
DOM,22.6,-71.22,11228821,0.8847,0
DOM,20.45,-70.22,11228821,0.7078,0
DOM,20,-70.28,11228821,0.2723,0
DOM,19.97,-69.03,11228821,0.6392,0
DOM,19.97,-69.03,11228821,0.6392,0
DOM,17.78,-68.15,11228821,0.3718,0
DOM,17.77,-68.62,11228821,0.3413,0
DOM,17.47,-70.87,11228821,0.5376,0
DOM,16.5,-72.1,11228821,1.1935,0
DOM,16.02,-71.78,11228821,1.5468,0
DOM,16.02,-71.78,11228821,1.5468,0
DOM,27.62,-68.93,11228821,6.1597,0
DOM,25.22,-68.4,11228821,4.6081,0
DOM,25.25,-68.75,11228821,4.4344,0
DOM,25.27,-68.75,11228821,4.4512,0
DOM,20.37,-70.35,11228821,0.5959,0
DOM,25.25,-68.2,11228821,4.7532,0
DOM,25.27,-68.2,11228821,4.7689,0
DOM,25.27,-68.2,11228821,4.7689,0
DOM,23.89,-67.95,11228821,3.9763,0
DOM,23.12,-67.46,11228821,4.0127,0
DOM,21.44,-68.22,11228821,2.3098,0
DOM,19.87,-69.35,11228821,0.5204,0
DOM,21.41,-68.33,11228821,2.2363,0
DOM,20.97,-68.11,11228821,1.9592,0
DOM,20.95,-68.11,11228821,1.9429,0
DOM,19.55,-68.34,11228821,0.709,0
DOM,19.44,-69.28,11228821,0.0872,0
DOM,19.15,-69.56,11228821,0.049,0
DOM,15.51,-72.26,11228821,2.1644,0
DOM,24.03,-70.74,11228821,2.381,0
DOM,21.12,-69.31,11228821,1.5759,0
DOM,15.53,-68.83,11228821,2.5879,0
DOM,15.62,-69.61,11228821,2.6514,0
DOM,16.45,-71.33,11228821,1.1127,0
DOM,16.15,-71.94,11228821,1.4561,0
DOM,15.16,-72.99,11228821,2.7988,0
DOM,15.61,-70.69,11228821,2.1063,0
DOM,15.53,-69.95,11228821,2.5412,0
DOM,15.74,-71.11,11228821,1.8525,0
DOM,18.64,-68.26,11228821,0.0725,0
DOM,16.73,-69.02,11228821,1.4208,0
DOM,15.73,-69.66,11228821,2.5532,0
DOM,15.88,-70.92,11228821,1.7715,0
DOM,15.86,-72.02,11228821,1.7569,0
DOM,16.17,-70.49,11228821,1.7083,0
DOM,17.02,-71.52,11228821,0.5256,0
DOM,17.56,-72.2,11228821,0.5597,0
DOM,26.26,-69.11,11228821,5.1093,0
DOM,19.28,-69.09,11228821,0.0685,0
DOM,20.19,-70.83,11228821,0.28,0
DOM,20.29,-71.48,11228821,0.3805,0
DOM,20.27,-70.46,11228821,0.4833,0
DOM,25.31,-71.56,11228821,3.0551,0
DOM,24.62,-71.25,11228821,2.7239,0
DOM,22.18,-70.23,11228821,1.1264,0
DOM,20.03,-69.18,11228821,0.6686,0
DOM,20.11,-70.09,11228821,0.4342,0
DOM,20.33,-71.01,11228821,0.3924,0
DOM,15.8,-68.76,11228821,2.3154,0
DOM,16.33,-70.9,11228821,1.364,0
DOM,22.17,-71.61,11228821,0.3353,0
DOM,22.24,-71.57,11228821,0.4127,0
DOM,20.24,-68.52,11228821,1.1289,0
DOM,19.25,-68.91,11228821,0.2207,0
DOM,16.11,-68.31,11228821,1.9879,0
DOM,16.35,-70.37,11228821,1.6344,0
DOM,18.41,-68.23,11228821,0.1807,0
DOM,19.2,-69.33,11228821,0.0031,0
ECU,1.74,-89.06,18001000,1.9563,0
ECU,1.15,-90.11,18001000,0.8297,0
ECU,1.17,-89.33,18001000,1.3732,0
ECU,0.07,-89.79,18001000,0.6632,0
ECU,-0.51,-90.08,18001000,0.1077,0
ECU,-0.87,-90.26,18001000,0.1207,0
ECU,-1.21,-90.43,18001000,0.0179,0
ECU,-1.07,-90.84,18001000,0.1334,0
ECU,-1.13,-91.96,18001000,0.5139,0
ECU,-0.93,-93.02,18001000,1.4736,0
ECU,-0.98,-93.76,18001000,2.1915,0
ECU,1.466,-88.683,18001000,2.0725,0
ESH,20.787,-20.755,4000,3.6511,0
ESH,19.691,-34.204,4000,9.228,0
ESH,19.005,-23.2117,4000,2.1641,0
ESH,19.5065,-22.6531,4000,2.6599,0
ESH,22.375,-28.4233,4000,6.1165,0
ESH,21.2703,-27.4669,4000,4.6865,0
ESH,21.5256,-36.0567,4000,11.5918,0
ESP,42.9522,-9.1906,47778340,0.0044,0
ESP,36.6625,-6.763167,47778340,0.3329,0
ESP,36.696833,-3.862167,47778340,0.0504,0
ESP,42.378,-8.915667,47778340,0.0606,0
FJI,-16.96,-149.84,929766,0.2557,0
FJI,-16.11,-148.96,929766,0.7346,0
FJI,-15.91,-148.58,929766,0.311,0
FJI,-15.78,-148.31,929766,0.0457,0
FJI,-15.84,-148.31,929766,0.0321,0
FJI,-15.96,-148.24,929766,0.0932,0
FJI,-14.55,-147.82,929766,0.4711,0
FJI,-14.7,-147.8,929766,0.3641,0
FJI,-14.7,-147.8,929766,0.3641,0
FJI,-14.74,-147.8,929766,0.3367,0
FJI,-14.74,-147.8,929766,0.3367,0
FJI,-14.61,-146.42,929766,0.1981,0
FJI,-14.49,-146.49,929766,0.2255,0
FJI,-14,-146.31,929766,0.4372,0
FJI,-15.27,-148.78,929766,0.4049,0
FJI,-15.27,-148.47,929766,0.4072,0
FJI,-14.91,-146.58,929766,0.3279,0
FJI,-16.7579,-147.562,929766,1.1212,0
FJI,-19.1474,-169.8439,929766,0.0267,0
FJI,-19.1118,-169.8104,929766,0.0164,0
FJI,-19.132,-169.9213,929766,0.0039,0
FJI,-19.0332,-169.7872,929766,0.0116,0
FJI,-18.9896,-169.7998,929766,0.0153,0
FJI,-18.9622,-169.8845,929766,0.0025,0
FJI,-18.9979,-169.9136,929766,0.0003,0
FJI,-20.0066,-167.7365,929766,2.251,0
FJI,-19.9682,-167.7469,929766,2.2258,0
FJI,-20.0056,-167.7692,929766,2.2209,0
FJI,-20.0147,-167.769,929766,2.2249,0
FJI,-20.004,-167.76,929766,2.2286,0
FJI,-19.0443,-169.9261,929766,0.0039,0
FJI,-16.2545,-145.553,929766,0.0014,0
FJI,-15.097,-147.3415,929766,0.12,0
FJI,-19.957833,-162.6975,929766,3.0913,0
FJI,-15.032,-172.972167,929766,1.1672,0
FJI,-19.238833,-177.228333,929766,1.1437,0
FLK,-51.9345,-58.0127,2840,0.1814,0
FLK,-46.8596,-52.6175,2840,6.929,0
FLK,-54.856594,-54.816721,2840,4.3032,0
FLK,-54.993813,-50.04539,2840,6.8815,0
GBR,57.1667,-2.0794,66971395,0.0084,0
GBR,57.6858,-2.0011,66971395,0.011,0
GBR,50.7794,0.0541,66971395,0.0007,0
GBR,56.3339,-6.383,66971395,0.0205,0
GBR,56.8307,-6.1561,66971395,0.0745,0
GBR,50.3247,-5.1998,66971395,0.0053,0
GBR,50.3377,-5.1835,66971395,0.0005,0
GBR,50.3227,-5.2058,66971395,0.0036,0
GBR,50.3228,-5.2119,66971395,0.0001,0
GBR,57.843333,-3.735,66971395,0.0459,0
GBR,57.886667,-3.8495,66971395,0.0454,0
GBR,60.489333,0.114,66971395,0.8757,0
GBR,60.269833,-0.682333,66971395,0.255,0
GBR,60.505333,-1.769833,66971395,0.162,0
GBR,59.107167,-3.469167,66971395,0.1193,0
GBR,57.934833,-5.637667,66971395,0.0212,0
GBR,58.325333,-5.956,66971395,0.2059,0
GBR,58.259,-7.100167,66971395,0.0553,0
GBR,58.396833,-7.286833,66971395,0.2765,0
GBR,58.6395,-3.904667,66971395,0.0728,0
GBR,58.681,-3.510667,66971395,0.0681,0
GBR,57.632,-3.913167,66971395,0.0417,0
GBR,57.713333,-3.900333,66971395,0.0324,0
GBR,55.943833,-5.076667,66971395,0.0087,0
GBR,55.620167,-4.819,66971395,0.0162,0
GBR,55.537167,-4.859167,66971395,0.1081,0
GBR,55.45,-4.848,66971395,0.1012,0
GBR,55.475,-4.751,66971395,0.0552,0
GBR,55.5285,-4.7065,66971395,0.0249,0
GBR,57.135333,-2.019167,66971395,0.0339,0
GBR,57.159333,-2.031667,66971395,0.038,0
GBR,57.261167,-1.984,66971395,0.0301,0
GBR,58.861833,-2.601667,66971395,0.1264,0
GBR,59.005167,-2.8445,66971395,0.0214,0
GBR,58.850667,-3.052333,66971395,0.0296,0
GBR,57.709,-2.685333,66971395,0.0179,0
GBR,57.724667,-2.358,66971395,0.0424,0
GBR,57.721,-2.681833,66971395,0.0286,0
GBR,57.721333,-2.555833,66971395,0.0394,0
GBR,57.7225,-2.3975,66971395,0.0501,0
GBR,56.620167,-2.307667,66971395,0.1605,0
GBR,56.6355,-2.017167,66971395,0.312,0
GBR,56.823833,1.223667,66971395,2.9453,0
GBR,57.328667,-6.838167,66971395,0.1238,0
GBR,58.066333,-6.265333,66971395,0.0914,0
GBR,58.475,-3.000333,66971395,0.0538,0
GBR,58.260667,-3.151333,66971395,0.0743,0
GBR,58.046833,-3.664167,66971395,0.0516,0
GBR,57.7605,-3.717167,66971395,0.1012,0
GBR,57.759667,-3.3925,66971395,0.0367,0
GBR,57.749833,-2.585667,66971395,0.0649,0
GBR,56.081833,-2.594,66971395,0.0361,0
GBR,57.184167,-6.518,66971395,0.1124,0
GBR,55.455667,-5.3945,66971395,0.0558,0
GBR,55.5355,-5.414667,66971395,0.0553,0
GBR,55.616667,-5.437333,66971395,0.029,0
GBR,55.326667,-5.866333,66971395,0.077,0
GBR,56.923833,-2.135167,66971395,0.0511,0
GBR,55.799667,-4.996833,66971395,0.0218,0
GBR,55.877167,-5.06335,66971395,0.0164,0
GBR,55.850667,-4.977,66971395,0.0213,0
GBR,55.9655,-4.787333,66971395,0.0084,0
GBR,56.01535,-4.871667,66971395,0.007,0
GBR,55.967167,-4.8425,66971395,0.0168,0
GBR,55.615,-4.790167,66971395,0.0182,0
GBR,55.435667,-4.729333,66971395,0.0103,0
GBR,55.4995,-4.693167,66971395,0.045,0
GBR,56.023167,-3.5375,66971395,0.0123,0
GBR,56.142667,-2.814333,66971395,0.0463,0
GBR,56.443167,-2.618667,66971395,0.0818,0
GBR,56.134167,-2.533833,66971395,0.1144,0
GBR,56.000167,-2.995833,66971395,0.0434,0
GBR,56.011833,-3.099,66971395,0.0481,0
GBR,56.044667,-3.163167,66971395,0.018,0
GBR,55.931667,-2.120333,66971395,0.0246,0
GBR,56.423167,-2.472833,66971395,0.1676,0
GBR,58.117833,-5.6995,66971395,0.2081,0
GBR,57.371,-7.766167,66971395,0.3135,0
GBR,58.1985,-7.1805,66971395,0.0697,0
GBR,58.323833,-6.9505,66971395,0.0944,0
GBR,58.051833,-5.595333,66971395,0.1243,0
GBR,58.252,-5.4345,66971395,0.0419,0
GBR,58.416333,-5.322667,66971395,0.1602,0
GBR,57.934333,-3.855667,66971395,0.0633,0
GBR,57.8945,-3.746333,66971395,0.0492,0
GBR,57.701333,-3.831833,66971395,0.0816,0
GBR,57.743167,-3.086667,66971395,0.071,0
GBR,57.723833,-2.921333,66971395,0.0216,0
GBR,57.7575,-2.758667,66971395,0.0547,0
GBR,57.794333,-2.616,66971395,0.1031,0
GBR,57.7155,-1.993833,66971395,0.0132,0
GBR,57.6845,-1.839333,66971395,0.0557,0
GBR,57.031,-1.875,66971395,0.1952,0
GBR,57.118833,-1.982833,66971395,0.0665,0
GBR,56.0315,-4.877667,66971395,0.0118,0
GBR,55.997,-4.888,66971395,0.0073,0
GBR,55.9605,-4.855667,66971395,0.0138,0
GBR,55.508667,-4.711667,66971395,0.0431,0
GBR,55.586833,-4.7855,66971395,0.0462,0
GBR,55.754833,-4.8885,66971395,0.0213,0
GBR,55.832167,-4.957833,66971395,0.0464,0
GBR,55.870833,-4.915833,66971395,0.026,0
GBR,55.99,-4.8755,66971395,0.0172,0
GBR,55.867333,-4.9155,66971395,0.0261,0
GBR,55.9725,-4.824333,66971395,0.0098,0
GBR,55.972833,-4.757833,66971395,0.0225,0
GBR,56.041833,-3.043833,66971395,0.0928,0
GBR,56.141667,-6.2585,66971395,0.0637,0
GBR,58.229,-6.093,66971395,0.0629,0
GBR,58.436167,-2.993833,66971395,0.0665,0
GBR,58.3535,-3.086833,66971395,0.0419,0
GBR,58.202,-3.326833,66971395,0.0771,0
GBR,57.971333,-3.716833,66971395,0.1021,0
GBR,57.865833,-3.637,66971395,0.1428,0
GBR,57.6905,-3.6735,66971395,0.0344,0
GBR,57.771,-3.211167,66971395,0.0722,0
GBR,57.837167,-2.691333,66971395,0.143,0
GBR,57.831333,-3.187,66971395,0.1372,0
GBR,55.886667,-4.908667,66971395,0.0167,0
GBR,55.969333,-4.871667,66971395,0.0275,0
GBR,56.01595,-4.894333,66971395,0.0057,0
GBR,55.978833,-4.838667,66971395,0.0059,0
GBR,55.4975,-4.8845,66971395,0.1547,0
GBR,55.306,-5.018833,66971395,0.1529,0
GBR,55.345667,-4.883333,66971395,0.0498,0
GBR,56.1345,-2.743167,66971395,0.0681,0
GBR,56.309,-2.5465,66971395,0.0393,0
GBR,56.416333,-2.714,66971395,0.0549,0
GBR,56.366333,-2.746333,66971395,0.0349,0
GBR,56.313667,-2.5485,66971395,0.0411,0
GBR,56.025,-3.294167,66971395,0.0149,0
GBR,58.0805,-6.171667,66971395,0.1174,0
GBR,58.012,-6.204167,66971395,0.1507,0
GBR,55.0715,-5.246167,66971395,0.0981,0
GBR,56.038,-2.274,66971395,0.1061,0
GBR,55.888833,-2.048,66971395,0.037,0
GBR,56.722333,-2.318667,66971395,0.0704,0
GBR,56.790167,-2.247667,66971395,0.0573,0
GBR,56.854333,-2.190167,66971395,0.0349,0
GBR,56.981833,-2.086167,66971395,0.0754,0
GBR,57.039,-2.0655,66971395,0.046,0
GBR,57.291833,-1.857833,66971395,0.0878,0
GBR,56.031167,-3.560333,66971395,0.0166,0
GBR,60.086,-0.838,66971395,0.2236,0
GBR,60.291167,-0.618333,66971395,0.3067,0
GBR,60.491667,-0.570833,66971395,0.2128,0
GBR,57.6935,-3.836,66971395,0.0856,0
GBR,57.808,-3.045333,66971395,0.1392,0
GBR,57.736333,-2.4315,66971395,0.0609,0
GBR,57.767333,-2.150667,66971395,0.0697,0
GBR,55.991,-2.314,66971395,0.0517,0
GBR,56.555833,-5.939833,66971395,0.0305,0
GBR,56.5275,-5.8305,66971395,0.014,0
GBR,56.192833,-6.596667,66971395,0.2612,0
GBR,56.470667,-6.660333,66971395,0.0893,0
GBR,58.427167,-2.963333,66971395,0.0979,0
GBR,58.281333,-3.1475,66971395,0.0588,0
GBR,57.737,-3.706,66971395,0.0852,0
GBR,57.835,-3.4535,66971395,0.1181,0
GBR,57.943833,-3.223,66971395,0.2318,0
GBR,55.391,-4.903667,66971395,0.0929,0
GBR,54.690667,-4.212167,66971395,0.1086,0
GBR,54.629,-4.498,66971395,0.0716,0
GBR,54.6165,-4.934167,66971395,0.0344,0
GBR,54.807667,-5.189,66971395,0.0724,0
GBR,55.9375,-4.9115,66971395,0.0112,0
GBR,55.9985,-4.885667,66971395,0.01,0
GBR,56.013667,-4.877,66971395,0.0126,0
GBR,56.159833,-4.801667,66971395,0.004,0
GBR,56.149833,-4.8115,66971395,0.0031,0
GBR,56.125,-4.826833,66971395,0.0009,0
GBR,56.0315,-4.8885,66971395,0.0116,0
GBR,55.9945,-4.880833,66971395,0.0127,0
GBR,56.006267,-4.873167,66971395,0.01,0
GBR,55.613,-4.986667,66971395,0.1137,0
GBR,56.0085,-3.370667,66971395,0.0159,0
GBR,56.022333,-3.305333,66971395,0.0141,0
GBR,56.096333,-2.901,66971395,0.0721,0
GBR,56.031167,-3.560333,66971395,0.0166,0
GNB,10.65424,-19.93672,2105566,3.606,0
GNB,10.924349,-21.398793,2105566,4.5105,0
GNB,8.876874,-20.188637,2105566,4.5266,0
GNB,7.886702,-19.637425,2105566,4.6656,0
GRL,73.233333,-66.781667,56661,2.6919,0
GRL,63.721167,-51.620167,56661,0.0607,0
GRL,88.5031,-6.6458,56661,8.4713,0
GRL,88.7435,-12.546,56661,7.0303,0
GTM,11.33,-93.89,17357886,3.5557,0
GTM,9.43,-92.97,17357886,4.8183,0
GTM,8.7,-92.56,17357886,5.4008,0
GTM,1.1903,-98.1958,17357886,6.2019,0
HND,16.87,-86.72,10432860,0.5471,0
HND,16.87,-86.72,10432860,0.5471,0
HND,17.22,-81.83,10432860,2.0911,0
HND,16.4,-85.1,10432860,0.4145,0
HND,16.83,-81.5,10432860,2.4365,0
HND,16.83,-81.52,10432860,2.4358,0
HND,16.97,-82.65,10432860,1.3372,0
HND,16.68,-83.53,10432860,0.8251,0
HND,16.57,-84.95,10432860,0.5842,0
HND,16.57,-84.95,10432860,0.5842,0
HND,16.85,-81.48,10432860,2.4156,0
HND,16.15,-85.98,10432860,0.1169,0
HND,16.15,-86.02,10432860,0.1195,0
HND,17.28,-82.02,10432860,1.8969,0
HND,17.28,-82.03,10432860,1.8869,0
HND,16.85,-83.58,10432860,0.6522,0
HND,16.83,-83.6,10432860,0.6597,0
HND,16.82,-83.62,10432860,0.6595,0
HND,16.8,-83.62,10432860,0.6774,0
HND,16.78,-83.65,10432860,0.6835,0
HND,16.93,-81.77,10432860,2.1957,0
HND,16.68,-83.35,10432860,0.9224,0
HND,16.68,-81.45,10432860,2.3783,0
HND,16.68,-81.58,10432860,2.2883,0
HND,17.03,-81.71,10432860,2.2351,0
HND,16.83,-83.49,10432860,0.7184,0
HND,16.22,-86.2,10432860,0.1936,0
HND,16.95,-83.16,10432860,0.8824,0
HND,16.83,-85.34,10432860,0.5809,0
HND,16.47,-86,10432860,0.0714,0
HND,18.18,-81.92,10432860,1.2076,0
HND,16.5,-85.99,10432860,0.0778,0
HND,16.81,-86.02,10432860,0.3359,0
HND,16.77,-81.33,10432860,2.4945,0
HND,16.53,-85.33,10432860,0.488,0
HND,16.25,-85.87,10432860,0.1715,0
HND,16.4,-82.63,10432860,1.3749,0
HND,16.74,-83.72,10432860,0.6981,0
HND,16.23,-86.26,10432860,0.1815,0
HND,16.23,-86.26,10432860,0.1815,0
HND,16.22,-86.29,10432860,0.1844,0
HND,16.17,-86.29,10432860,0.2298,0
HND,16.32,-85.93,10432860,0.0849,0
HND,16.5,-82.18,10432860,1.7313,0
HND,16.5,-82.18,10432860,1.7313,0
HND,16.22,-85.88,10432860,0.1951,0
HND,16.22,-85.88,10432860,0.1951,0
HND,16.2,-84.6,10432860,0.3315,0
HND,16.2,-84.6,10432860,0.3315,0
HND,17.63,-81.67,10432860,1.6581,0
HND,17.23,-82.67,10432860,1.2555,0
HND,16.52,-84.17,10432860,0.7171,0
HND,17.65,-82.97,10432860,0.9721,0
HND,17.57,-85.97,10432860,1.0595,0
HND,17.35,-81.78,10432860,1.9537,0
HND,17.77,-82.4,10432860,1.5543,0
HND,17.37,-83.52,10432860,0.3945,0
HND,17.15,-84.15,10432860,0.3382,0
HND,17,-84.17,10432860,0.4739,0
HND,16.87,-84.33,10432860,0.67,0
HND,16.7,-84.92,10432860,0.7165,0
HND,16.68,-84.93,10432860,0.6956,0
HND,16.65,-84.95,10432860,0.6639,0
HND,16.63,-84.97,10432860,0.6428,0
HND,16.74,-83.04,10432860,1.1006,0
HND,16.53,-82.99,10432860,1.2756,0
HND,16.44,-83.03,10432860,1.232,0
HND,16.39,-84.34,10432860,0.5699,0
HND,16.37,-85.58,10432860,0.2685,0
HND,16.64,-85.93,10432860,0.1441,0
HND,17.39,-82.7,10432860,1.2125,0
HND,16.63,-83.56,10432860,0.8569,0
HND,16.3,-85.9,10432860,0.1134,0
HND,16.15,-85.29,10432860,0.2522,0
HND,16.42,-83.38,10432860,1.0486,0
HND,16.41,-83.37,10432860,1.0473,0
HND,16.38,-84.74,10432860,0.4583,0
HND,16.39,-84.75,10432860,0.4634,0
HND,18.34,-82.47,10432860,1.422,0
HND,18.05,-83.68,10432860,0.6794,0
HND,17.55,-84.7,10432860,0.7701,0
HTI,17.35,-72.5,11584996,0.8247,0
HTI,17.35,-72.5,11584996,0.8247,0
HTI,16.22,-74.47,11584996,1.9007,0
HTI,16.22,-74.47,11584996,1.9007,0
HTI,15.1,-73.75,11584996,2.9265,0
HTI,15.1,-73.75,11584996,2.9265,0
HTI,15.35,-74.3,11584996,2.71,0
HTI,20.65,-72.73,11584996,0.5272,0
HTI,21.1,-72.87,11584996,0.1735,0
HTI,21.1,-72.87,11584996,0.1735,0
HTI,21.28,-72.72,11584996,0.2827,0
HTI,21.28,-72.72,11584996,0.2827,0
HTI,21.45,-72.63,11584996,0.2337,0
HTI,19.08,-74.93,11584996,0.6693,0
HTI,19,-74.93,11584996,0.5899,0
HTI,16.98,-73.63,11584996,1.0608,0
HTI,20.58,-72.25,11584996,0.6852,0
HTI,17.6,-73.93,11584996,0.4299,0
HTI,18.43,-74.55,11584996,0.0608,0
HTI,15.9,-73,11584996,2.2059,0
HTI,17.08,-73.99,11584996,0.9534,0
HTI,17.89,-74.32,11584996,0.3962,0
HTI,17.95,-74.18,11584996,0.2806,0
HTI,17.77,-74.39,11584996,0.5194,0
HTI,17.34,-73.36,11584996,0.7554,0
HTI,19.99,-73.6,11584996,0.2467,0
HTI,18.93,-74.64,11584996,0.383,0
HTI,21.32,-72.38,11584996,0.3264,0
HTI,21.32,-72.38,11584996,0.3264,0
HTI,21.98,-72.6,11584996,0.2941,0
HTI,22.75,-72.42,11584996,0.522,0
HTI,21,-72.92,11584996,0.1882,0
HTI,18.8,-74.97,11584996,0.3865,0
HTI,18.8,-74.97,11584996,0.3865,0
HTI,16.8,-72.77,11584996,1.3464,0
HTI,17.97,-74.48,11584996,0.3453,0
HTI,17.15,-73.37,11584996,0.9357,0
HTI,17.17,-74.75,11584996,1.1892,0
HTI,18.37,-75.3,11584996,0.2727,0
HTI,16.88,-73.62,11584996,1.1611,0
HTI,16.88,-73.62,11584996,1.1611,0
HTI,16.72,-74.38,11584996,1.399,0
HTI,16.72,-74.38,11584996,1.399,0
HTI,19.77,-73.6,11584996,0.1394,0
HTI,18.98,-74.25,11584996,0.3097,0
HTI,18.55,-75.03,11584996,0.1327,0
HTI,19.57,-73.96,11584996,0.5114,0
HTI,19.39,-74.05,11584996,0.656,0
HTI,17.24,-74.22,11584996,0.8568,0
HTI,20.14,-73.2,11584996,0.205,0
HTI,16.2,-73.6,11584996,1.8376,0
HTI,16.82,-74.13,11584996,1.2327,0
HTI,15.99,-73.36,11584996,2.0822,0
HTI,16.16,-74.36,11584996,1.9277,0
HTI,17.79,-72.33,11584996,0.4353,0
HTI,16.86,-73.25,11584996,1.2468,0
HTI,17.13,-74.75,11584996,1.227,0
HTI,18.73,-75.37,11584996,0.4618,0
HTI,19.95,-73.58,11584996,0.2053,0
HTI,20.73,-72.41,11584996,0.7438,0
HTI,18.68,-75.12,11584996,0.2776,0
HTI,22.47,-72.57,11584996,0.2207,0
HTI,16.27,-73.55,11584996,1.7747,0
IDN,8.55,140.06,275501339,1.294,0
IDN,-1.7148,108.6782,275501339,0.0009,0
IDN,-2.8098,107.366,275501339,0.0534,0
IDN,-2.7367,111.7367,275501339,0.0097,0
IDN,-1.66,108.9217,275501339,0.0145,0
IDN,-0.01,108.7017,275501339,0.3965,0
IDN,-1.267,137.594333,275501339,0.2788,0
IDN,-1.3645,136.454167,275501339,0.2415,0
IRL,52.069,-17.9905,5127170,7.0026,0
IRL,52.252,-11.0802,5127170,0.6103,0
IRL,47.907658,-9.041244,5127170,3.3823,0
IRL,47.885477,-9.013994,5127170,3.3741,0
IRL,58.249833,-13.034667,5127170,0.9232,0
ISL,62.3903,-10.2745,382003,2.6456,0
ISL,58.1225,-14.4405,382003,0.915,0
ISL,58.1435,-14.517167,382003,0.9902,0
ITA,42.881633,10.4759,58940425,0.0457,0
JAM,16.48,-76,2827377,1.4237,0
JAM,16.48,-76,2827377,1.4237,0
JAM,16.88,-77.5,2827377,0.8817,0
JAM,16.88,-77.5,2827377,0.8817,0
JAM,15.78,-75.5,2827377,2.2386,0
JAM,16.38,-76.63,2827377,1.4226,0
JAM,16.38,-76.63,2827377,1.4226,0
JAM,17.32,-78.5,2827377,0.896,0
JAM,17.32,-78.5,2827377,0.896,0
JAM,16.25,-76.18,2827377,1.6212,0
JAM,15.63,-76.2,2827377,2.2368,0
JAM,15.63,-76.2,2827377,2.2368,0
JAM,16.37,-76.65,2827377,1.425,0
JAM,16.37,-76.65,2827377,1.425,0
JAM,17.23,-77.18,2827377,0.4737,0
JAM,17.23,-77.18,2827377,0.4737,0
JAM,17.85,-77.68,2827377,0.006,0
JAM,17.85,-77.68,2827377,0.006,0
JAM,17.17,-78.28,2827377,0.8686,0
JAM,17.32,-78.7,2827377,0.9708,0
JAM,17.5,-79.28,2827377,1.1778,0
JAM,17.28,-79.45,2827377,1.4494,0
JAM,15.9,-74.97,2827377,2.3534,0
JAM,15.9,-74.97,2827377,2.3534,0
JAM,13.92,-78.9,2827377,1.2376,0
JAM,13.92,-78.9,2827377,1.2376,0
JAM,15.57,-78.98,2827377,2.28,0
JAM,15.57,-78.98,2827377,2.28,0
JAM,17.65,-80.42,2827377,1.7829,0
JAM,17.15,-76.53,2827377,0.7103,0
JAM,17.15,-76.53,2827377,0.7103,0
JAM,16,-76.53,2827377,1.8138,0
JAM,16.33,-78.92,2827377,1.9241,0
JAM,17.07,-78.72,2827377,1.2127,0
JAM,17.27,-80.3,2827377,2.1635,0
JAM,17.25,-80.3,2827377,2.1726,0
JAM,17.22,-80.32,2827377,2.2042,0
JAM,17.58,-80.25,2827377,1.9173,0
JAM,15.85,-75.72,2827377,2.1036,0
JAM,16.37,-79.83,2827377,2.3743,0
JAM,18.83,-75.97,2827377,0.7743,0
JAM,18.66,-75.85,2827377,0.7108,0
JAM,16.14,-76.05,2827377,1.7491,0
JAM,17.13,-76.7,2827377,0.7245,0
JAM,16.53,-76.7,2827377,1.2576,0
JAM,17.16,-76.39,2827377,0.7013,0
JAM,17.01,-76.54,2827377,0.8504,0
JAM,16.89,-76.7,2827377,0.928,0
JAM,16.79,-76.84,2827377,0.9661,0
JAM,16.89,-76.98,2827377,0.8325,0
JAM,16.87,-77.07,2827377,0.8378,0
JAM,17,-78.15,2827377,0.9521,0
JAM,17.26,-78.5,2827377,0.9444,0
JAM,17.03,-79.66,2827377,1.7727,0
JAM,16.7,-80.39,2827377,2.5448,0
JAM,19.03,-77.84,2827377,0.5054,0
JAM,18.76,-78.17,2827377,0.3056,0
JAM,18.39,-81.18,2827377,0.8801,0
JAM,18.34,-75.85,2827377,0.5165,0
JAM,16.35,-79.47,2827377,2.1861,0
JAM,16.27,-80.22,2827377,2.6948,0
JAM,15.25,-75.83,2827377,2.6632,0
JAM,16.53,-79.06,2827377,1.8384,0
JAM,17.88,-78.57,2827377,0.4115,0
JAM,19.03,-79.65,2827377,0.6917,0
JAM,19.03,-79.65,2827377,0.6917,0
JAM,18.45,-76.48,2827377,0.2459,0
JAM,18.25,-76.2,2827377,0.178,0
JAM,17.27,-76.03,2827377,0.6579,0
JAM,15.82,-76.35,2827377,2.0409,0
JAM,16.85,-77.25,2827377,0.8571,0
JAM,16.45,-79.18,2827377,1.9606,0
JAM,18.38,-75.45,2827377,0.4205,0
JAM,18.38,-75.45,2827377,0.4205,0
JAM,18.27,-76.27,2827377,0.1399,0
JAM,17.73,-75.85,2827377,0.3855,0
JAM,17.98,-79.2,2827377,0.872,0
JAM,17.67,-80.58,2827377,1.7085,0
JAM,18.63,-77.92,2827377,0.1126,0
JAM,18.8,-78.45,2827377,0.418,0
JAM,15.47,-75.38,2827377,2.571,0
JAM,18.1,-78.53,2827377,0.2174,0
JAM,18.1,-78.53,2827377,0.2174,0
JAM,18.1,-78.53,2827377,0.2174,0
JAM,18.1,-78.53,2827377,0.2174,0
JAM,18.1,-78.53,2827377,0.2174,0
JAM,19.03,-79.17,2827377,0.8999,0
JAM,16.62,-75.3,2827377,1.5699,0
JAM,16.62,-75.3,2827377,1.5699,0
JAM,16.5,-76.25,2827377,1.3655,0
JAM,16.33,-78.82,2827377,1.867,0
JAM,16.2,-79.83,2827377,2.5099,0
JAM,17.68,-76.33,2827377,0.1838,0
JAM,17.67,-76.62,2827377,0.1982,0
JAM,15.77,-76.08,2827377,2.1099,0
JAM,16.3,-77.4,2827377,1.4215,0
JAM,16.3,-78.8,2827377,1.8812,0
JAM,18.73,-75.51,2827377,0.5727,0
JAM,19.04,-76.93,2827377,0.6279,0
JAM,19.15,-77.31,2827377,0.6851,0
JAM,19.11,-76.56,2827377,0.7767,0
JAM,18.69,-78.41,2827377,0.3043,0
JAM,17.15,-80.35,2827377,2.2639,0
JAM,17.15,-80.35,2827377,2.2639,0
JAM,18.73,-75.58,2827377,0.6325,0
JAM,18.65,-76.93,2827377,0.238,0
JAM,18.9,-77.17,2827377,0.4524,0
JAM,19.13,-77.69,2827377,0.6195,0
JAM,19.33,-79.14,2827377,0.714,0
JAM,17.24,-79.34,2827377,1.3966,0
JAM,18.77,-77.93,2827377,0.2525,0
JAM,17.45,-78.91,2827377,0.9579,0
JAM,17.19,-76.15,2827377,0.6981,0
JAM,17.93,-75.94,2827377,0.2484,0
JAM,18.53,-80.8,2827377,0.8245,0
JAM,18.13,-75.37,2827377,0.4415,0
JAM,17.09,-80.34,2827377,2.285,0
JAM,18.4,-76.38,2827377,0.2198,0
JAM,18.43,-76.23,2827377,0.2996,0
JAM,16.67,-79.33,2827377,1.8404,0
JAM,16.67,-79.33,2827377,1.8404,0
JAM,18.48,-75.82,2827377,0.6207,0
JAM,19.28,-80.55,2827377,0.5374,0
JAM,18.74,-77.39,2827377,0.2725,0
JAM,18.86,-79.4,2827377,0.9317,0
JAM,16.92,-75.54,2827377,1.1868,0
JAM,17.06,-76.08,2827377,0.8414,0
JAM,17.26,-79.08,2827377,1.2116,0
JAM,19.46,-80.24,2827377,0.2357,0
JAM,16.83,-75.83,2827377,1.1387,0
JAM,16.34,-76.54,2827377,1.4935,0
JAM,16.48,-78.6,2827377,1.6234,0
JAM,17.95008,-76.83569,2827377,0.0075,0
JPN,33.592,130.312,125124989,0.0008,0
JPN,34.262,132.768,125124989,0.0022,0
JPN,34.376,133.238,125124989,0.0079,0
JPN,34.409,133.512,125124989,0.0277,0
JPN,34.644,134.493,125124989,0.1062,0
JPN,27.0603,142.1949,125124989,0.0021,0
JPN,27.0937,142.1932,125124989,0.0018,0
JPN,27.1099,142.2044,125124989,0.013,0
JPN,33.998333,139.996667,125124989,0.3883,0
LBR,-7.8,-14.5,5302681,0.1412,0
LBR,0.93032,-13.13151,5302681,5.7092,0
LBR,-2.70125,-10.23524,5302681,6.622,0
LBR,-3.85484,-9.30984,5302681,6.4485,0
LBR,-0.792864,-13.817876,5302681,7.107,0
LBR,-2.042822,-11.953462,5302681,6.3167,0
LKA,8.4808,81.3308,22181000,0.0297,0
MAR,22.8395,-19.3,37457971,2.5465,0
MAR,25.38,-18.59,37457971,2.3394,0
MAR,26.4735,-18.5288,37457971,1.2852,0
MAR,30.0571,-16.0405,37457971,0.0266,0
MAR,30.0572,-16.0496,37457971,0.032,0
MAR,30.0497,-16.0541,37457971,0.0307,0
MAR,30.15,-15.8551,37457971,0.0028,0
MAR,30.1455,-15.8551,37457971,0.0003,0
MAR,30.1401,-15.876,37457971,0.0019,0
MAR,23.711548,-20.348817,37457971,3.8625,0
MDG,-9.7299,46.5007,29611714,0.0068,0
MDG,-5.6916,53.6746,29611714,0.4143,0
MDG,-7.0409,52.7586,29611714,0.0376,0
MDG,-9.5397,50.9678,29611714,2.9417,0
MDG,-12.2685,49.2812,29611714,0.0088,0
MDG,-15.4976,49.756,29611714,0.0603,0
MDG,-15.7089,49.9526,29611714,0.0139,0
MDG,-16.9971,49.8403,29611714,0.0031,0
MDG,-13.388833,48.170833,29611714,0.0357,0
MDG,-15.371167,46.535667,29611714,0.0823,0
MEX,30.6,-117.47,127504125,1.1892,0
MEX,29.1,-117.18,127504125,1.044,0
MEX,28.54,-116.09,127504125,0.5376,0
MEX,27.09,-115.61,127504125,0.8728,0
MEX,26.08,-114.91,127504125,1.1913,0
MEX,24.65,-113.28,127504125,0.9857,0
MEX,22.97,-110.49,127504125,0.3911,0
MEX,24.29,-110.11,127504125,0.0569,0
MEX,17.45,-104.23,127504125,1.1471,0
MEX,17.04,-101.36,127504125,0.3753,0
MEX,15.41,-97.89,127504125,0.5814,0
MEX,13.8,-96.14,127504125,1.8858,0
MEX,-2.2,-99.82,127504125,8.3678,0
MEX,-2.33,-100.79,127504125,9.3424,0
MEX,-2.53,-101.99,127504125,10.5574,0
MEX,-2.97,-103.19,127504125,11.8246,0
MEX,-3.54,-104.46,127504125,13.1918,0
MEX,-4.02,-105.63,127504125,14.4439,0
MEX,-4.44,-106.96,127504125,14.8938,0
MEX,-4.67,-107.64,127504125,15.0347,0
MEX,-4.83,-109.12,127504125,15.1119,0
MEX,-4.98,-109.94,127504125,15.2786,0
MEX,-5.73,-111.21,127504125,16.1349,0
MEX,-5.73,-111.23,127504125,16.1374,0
MEX,-5.76,-111.24,127504125,16.1684,0
MEX,-5.77,-111.26,127504125,16.1809,0
MEX,-5.78,-111.27,127504125,16.192,0
MEX,-5.79,-111.28,127504125,16.2032,0
MEX,-5.81,-111.29,127504125,16.2243,0
MEX,-6.44,-113.34,127504125,17.222,0
MEX,-6.66,-113.9,127504125,17.5765,0
MEX,-6.96,-115.09,127504125,18.2139,0
MEX,-7.39,-117.23,127504125,18.8527,0
MEX,-7.5,-118.19,127504125,18.3864,0
MEX,-7.7,-119.38,127504125,17.8035,0
MEX,-7.73,-120.06,127504125,17.5803,0
MEX,-7.97,-121.14,127504125,17.087,0
MEX,-8.23,-122,127504125,16.6682,0
MEX,-8.13,-125.56,127504125,13.2687,0
MEX,-8.56,-126.6,127504125,12.1715,0
MEX,-8.69,-127.47,127504125,11.2919,0
MEX,30.23,-120.37,127504125,2.2849,0
MEX,22.81,-110.19,127504125,0.1906,0
MEX,25.51,-110.4,127504125,0.3513,0
MEX,25.32,-110.55,127504125,0.14,0
MEX,24.29,-110.41,127504125,0.0715,0
MEX,24.53,-110.52,127504125,0.1115,0
MEX,24.32,-109.8,127504125,0.0841,0
MEX,24.08,-109.73,127504125,0.0925,0
MEX,23.22,-109.02,127504125,0.4129,0
MEX,23.05,-108.68,127504125,0.7812,0
MEX,21.41,-108.34,127504125,1.6851,0
MEX,21.24,-108.73,127504125,2.0031,0
MEX,20.99,-109.22,127504125,2.0016,0
MEX,19.83,-109.7,127504125,1.2039,0
MEX,22.9,-107.51,127504125,1.0247,0
MEX,23.34,-107.65,127504125,0.8713,0
MEX,23.09,-108.92,127504125,0.5391,0
MEX,24.45,-110.09,127504125,0.174,0
MEX,23.14,-109.13,127504125,0.3236,0
MEX,22.2,-109.9,127504125,0.6732,0
MEX,21.35,-110.61,127504125,1.6569,0
MEX,20.69,-111.76,127504125,1.6417,0
MEX,19.85,-113.05,127504125,2.2435,0
MEX,18.66,-114.51,127504125,0.3727,0
MEX,16.83,-116.12,127504125,1.9997,0
MEX,15.95,-117.03,127504125,3.2631,0
MEX,11.63,-118.72,127504125,7.764,0
MEX,11.18,-120.25,127504125,8.9918,0
MEX,8.71,-120.48,127504125,11.1732,0
MEX,7.74,-121.22,127504125,12.2578,0
MEX,6.35,-121.85,127504125,13.222,0
MEX,5.07,-122.52,127504125,14.281,0
MEX,3.96,-123.17,127504125,15.3126,0
MEX,3.24,-124.05,127504125,16.4141,0
MEX,1.99,-125.33,127504125,17.8718,0
MEX,1.09,-126.58,127504125,16.3334,0
MEX,0.27,-127.68,127504125,14.9615,0
MEX,-0.14,-128.33,127504125,14.1967,0
MEX,2.83,-128.61,127504125,16.0038,0
MEX,12.51,-128.9,127504125,15.2556,0
MEX,17.7495,-87.025,127504125,0.74,0
MEX,17.7495,-87.025,127504125,0.74,0
MEX,20.3828,-86.8746,127504125,0.002,0
MEX,15.1572,-109.59,127504125,3.8114,0
MEX,15.8473,-98.0337,127504125,0.2476,0
MEX,24.3242,-110.3272,127504125,0.0014,0
MEX,19.5376,-105.0848,127504125,0.0022,0
MEX,-8.43,-123.39,127504125,15.3667,0
MEX,-9.5,-130.04,127504125,8.6353,0
MEX,18.7549,-110.9142,127504125,0.003,0
MEX,18.842,-110.9458,127504125,0.0075,0
MEX,18.7837,-111.0478,127504125,0.0161,0
MEX,18.768,-111.0237,127504125,0.0156,0
MEX,18.9927,-112.0843,127504125,1.0406,0
MEX,19.2961,-110.8148,127504125,0.001,0
MEX,10.2864,-109.2202,127504125,0.002,0
MEX,10.3121,-109.2027,127504125,0.0133,0
MEX,10.3171,-109.2167,127504125,0.01,0
MEX,-4.0993,-112.2995,127504125,14.7072,0
MEX,0.183,-105.55,127504125,10.7443,0
MEX,0.75,-124.767,127504125,17.5314,0
MEX,1.217,-117.95,127504125,12.5859,0
MEX,2.733,-101.633,127504125,9.6812,0
MEX,2.217,-110.367,127504125,8.1459,0
MEX,2.067,-113.233,127504125,9.143,0
MEX,2.55,-114,127504125,9.0906,0
MEX,2.867,-122.483,127504125,15.193,0
MEX,3.367,-105.3,127504125,7.9477,0
MEX,3.667,-119.6,127504125,12.3073,0
MEX,4.983,-102,127504125,8.9521,0
MEX,4.25,-125.433,127504125,17.2945,0
MEX,3.883,-117.633,127504125,10.5698,0
MEX,3.367,-110.85,127504125,7.1044,0
MEX,2.3,-105.267,127504125,8.9062,0
MEX,-9.7335,-126.894533,127504125,11.7491,0
MEX,22.282206,-97.798196,127504125,0.0121,0
MEX,22.282206,-97.798196,127504125,0.0121,0
MEX,21.289833,-97.420017,127504125,0.0017,0
MEX,21.289833,-97.420017,127504125,0.0017,0
MEX,21.289833,-97.420017,127504125,0.0017,0
MEX,21.289833,-97.420017,127504125,0.0017,0
MEX,20.974583,-97.3069,127504125,0.0115,0
MEX,20.974583,-97.3069,127504125,0.0115,0
MEX,20.480567,-97.006983,127504125,0.0083,0
MEX,20.480567,-97.006983,127504125,0.0083,0
MEX,20.480567,-97.006983,127504125,0.0083,0
MEX,20.480567,-97.006983,127504125,0.0083,0
MEX,20.480567,-97.006983,127504125,0.0083,0
MEX,19.430959,-96.321492,127504125,0.0016,0
MEX,19.430959,-96.321492,127504125,0.0016,0
MEX,19.430959,-96.321492,127504125,0.0016,0
MEX,18.558117,-94.99345,127504125,0.004,0
MEX,18.558117,-94.99345,127504125,0.004,0
MEX,18.437298,-93.221816,127504125,0.0035,0
MEX,18.437298,-93.221816,127504125,0.0035,0
MEX,18.437298,-93.221816,127504125,0.0035,0
MEX,19.541887,-90.70652,127504125,0.0101,0
MEX,19.541887,-90.70652,127504125,0.0101,0
MEX,19.541887,-90.70652,127504125,0.0101,0
MEX,21.29148,-89.634561,127504125,0.0104,0
MEX,21.526733,-87.37755,127504125,0.0015,0
MEX,21.526733,-87.37755,127504125,0.0015,0
MEX,20.63028,-87.065838,127504125,0.0065,0
MEX,15.663106,-96.518496,127504125,0.0039,0
MEX,15.663106,-96.518496,127504125,0.0039,0
MEX,17.810561,-101.748865,127504125,0.0043,0
MEX,17.810561,-101.748865,127504125,0.0043,0
MEX,18.270009,-103.346377,127504125,0.0003,0
MEX,18.270009,-103.346377,127504125,0.0003,0
MEX,21.525186,-105.278947,127504125,0.0011,0
MEX,25.297939,-108.533008,127504125,0.0018,0
MEX,25.297939,-108.533008,127504125,0.0018,0
MEX,25.297939,-108.533008,127504125,0.0018,0
MEX,25.297939,-108.533008,127504125,0.0018,0
MEX,28.859672,-112.030125,127504125,0.0017,0
MEX,31.29732,-113.541203,127504125,0.0027,0
MEX,31.29732,-113.541203,127504125,0.0027,0
MEX,31.680124,-114.495158,127504125,0.0015,0
MEX,31.680124,-114.495158,127504125,0.0015,0
MEX,32.232574,-116.926193,127504125,0.0051,0
MEX,31.022322,-114.832718,127504125,0.0001,0
MEX,26.729392,-111.906818,127504125,0.0028,0
MEX,26.729392,-111.906818,127504125,0.0028,0
MEX,26.729392,-111.906818,127504125,0.0028,0
MEX,26.729392,-111.906818,127504125,0.0028,0
MEX,24.14189,-110.349147,127504125,0.003,0
MEX,24.14189,-110.349147,127504125,0.003,0
MEX,24.14189,-110.349147,127504125,0.003,0
MEX,24.14189,-110.349147,127504125,0.003,0
MEX,31.828258,-116.609493,127504125,0.001,0
MEX,31.828258,-116.609493,127504125,0.001,0
MEX,23.327094,-110.174193,127504125,0.0002,0
MEX,23.327094,-110.174193,127504125,0.0002,0
MEX,22.894645,-109.89479,127504125,0.0017,0
MEX,22.894645,-109.89479,127504125,0.0017,0
MEX,21.5317,-87.3683,127504125,0.0031,0
MEX,21.5317,-87.3683,127504125,0.0031,0
MEX,21.5317,-87.3683,127504125,0.0031,0
MEX,21.5317,-87.3683,127504125,0.0031,0
MEX,21.5317,-87.3683,127504125,0.0031,0
MEX,21.5317,-87.3683,127504125,0.0031,0
MEX,21.5317,-87.3683,127504125,0.0031,0
MEX,21.5317,-87.3683,127504125,0.0031,0
MEX,21.526733,-87.37755,127504125,0.0015,0
MEX,21.526733,-87.37755,127504125,0.0015,0
MEX,21.526733,-87.37755,127504125,0.0015,0
MEX,21.526733,-87.37755,127504125,0.0015,0
MEX,21.526733,-87.37755,127504125,0.0015,0
MEX,21.526733,-87.37755,127504125,0.0015,0
MEX,21.526733,-87.37755,127504125,0.0015,0
MEX,21.526733,-87.37755,127504125,0.0015,0
MEX,21.526733,-87.37755,127504125,0.0015,0
MEX,21.516267,-87.391983,127504125,0.0024,0
MYS,1.745,110.493,33938221,0.0059,0
MYS,1.81,110.325,33938221,0.0086,0
MYS,3.81,112.9183,33938221,0.4635,0
MYS,1.577333,104.897667,33938221,0.4736,0
NAM,-37.0944,-12.3454,2567012,0.0141,0
NAM,-37.3127,-12.662,2567012,0.3875,0
NAM,-37.4235,-12.4704,2567012,0.3359,0
NAM,-37.4307,-12.4815,2567012,0.3482,0
NAM,-20.382596,6.42863,2567012,5.8648,0
NAM,-22.886368,7.904522,2567012,5.8587,0
NAM,-24.163756,8.668449,2567012,5.7718,0
NCL,-23.21028,166.63518,269220,0.7656,0
NCL,-23.20728,166.65175,269220,0.7592,0
NCL,-23.74987,170.53772,269220,3.1829,0
NCL,-23.7575,170.52715,269220,3.1757,0
NCL,-23.7659,170.5155,269220,3.1677,0
NCL,-25.0803,168.69988,269220,2.6886,0
NCL,-25.08907,168.68785,269220,2.6911,0
NCL,-23.2089,166.6428,269220,0.7626,0
NCL,-23.2058,166.6593,269220,0.7563,0
NCL,-23.7533,170.5329,269220,3.1796,0
NCL,-23.7615,170.5216,269220,3.1719,0
NCL,-23.7698,170.5103,269220,3.1643,0
NCL,-25.0842,168.6944,269220,2.6897,0
NCL,-25.0929,168.6825,269220,2.6923,0
NCL,-26.2961,166.9962,269220,2.8571,0
NCL,-27.5561,165.1763,269220,3.0989,0
NIC,16.24,-81.2,6948392,2.296,0
NIC,16.5,-80.97,6948392,2.6318,0
NIC,16.58,-81.07,6948392,2.5983,0
NIC,16.62,-81.17,6948392,2.5451,0
NIC,16.65,-81.27,6948392,2.4887,0
NIC,16.68,-81.38,6948392,2.4283,0
NIC,16.73,-81.21,6948392,2.5357,0
NIC,16.77,-81.14,6948392,2.4986,0
NIC,13.23,-81.35,6948392,0.0946,0
NIC,13.82,-81.58,6948392,0.495,0
NIC,14.18,-81.58,6948392,0.8341,0
NIC,16.75,-81.12,6948392,2.5197,0
NIC,16.75,-81.12,6948392,2.5197,0
NIC,16.67,-80.97,6948392,2.6129,0
NIC,16.4,-81.34,6948392,2.2747,0
NIC,16.82,-81.21,6948392,2.4457,0
NIC,16.64,-81.41,6948392,2.3789,0
NIC,11.14,-85.7964,6948392,0.0001,0
NZL,-43.569,172.7627,5124100,0.0062,0
NZL,-43.5718,172.7665,5124100,0.0057,0
NZL,-39.3127,163.5895,5124100,6.6915,0
NZL,-39.3195,163.5565,5124100,6.7042,0
PAN,12.48,-78.37,4408581,2.0395,0
PAN,12.48,-78.37,4408581,2.0395,0
PAN,12.17,-78.15,4408581,2.396,0
PAN,12.77,-79.83,4408581,0.8475,0
PAN,9.2915,-82.0875,4408581,0.0012,0
PAN,4.369,-84.8008,4408581,2.5471,0
PAN,7.693,-81.7568,4408581,0.0487,0
PER,-1.52,-96,34049588,4.4947,0
PER,-1.84,-97.36,34049588,5.8915,0
PER,-2.04,-98.44,34049588,6.9878,0
PER,-12.1475,-77.0254,34049588,0.0143,0
PER,-3.25,-98.43,34049588,7.3166,0
PER,-26.3318,-115.7358,34049588,6.3401,0
PHL,10.4535,128.886667,115559009,2.7839,0
PNG,-6.642,155.166667,10142619,0.0744,0
PNG,-2.364333,150.269833,10142619,0.0369,0
PRI,17.8,-64.32,3221789,0.243,0
PRI,17.8,-64.32,3221789,0.243,0
PRI,17,-63.72,3221789,0.7802,0
PRI,16.6,-63.07,3221789,0.681,0
PRI,16.97,-62.68,3221789,0.1503,0
PRI,15.55,-62.17,3221789,0.6121,0
PRI,14.68,-64.43,3221789,1.2871,0
PRI,14.68,-64.43,3221789,1.2871,0
PRI,15.8,-65.3,3221789,1.6594,0
PRI,15.8,-65.3,3221789,1.6594,0
PRI,16.6,-66.1,3221789,1.327,0
PRI,17.9,-67.62,3221789,0.2939,0
PRI,17.9,-67.62,3221789,0.2939,0
PRI,17.9,-67.82,3221789,0.1624,0
PRI,17.9,-67.82,3221789,0.1624,0
PRI,24.8,-57.9,3221789,8.0947,0
PRI,22.98,-58.13,3221789,6.4242,0
PRI,22.05,-58.63,3221789,5.3762,0
PRI,22.05,-58.63,3221789,5.3762,0
PRI,21.52,-58.9,3221789,4.7892,0
PRI,21.52,-58.9,3221789,4.7892,0
PRI,19.27,-58.58,3221789,3.5534,0
PRI,17.43,-59.02,3221789,2.2477,0
PRI,16.92,-62.7,3221789,0.204,0
PRI,16.92,-62.7,3221789,0.204,0
PRI,18.17,-64.72,3221789,0.1343,0
PRI,18.17,-64.72,3221789,0.1343,0
PRI,18.23,-64.58,3221789,0.1051,0
PRI,18.23,-64.58,3221789,0.1051,0
PRI,17.62,-64.97,3221789,0.0977,0
PRI,15.87,-63.85,3221789,0.267,0
PRI,15.87,-63.85,3221789,0.267,0
PRI,28.17,-57.8,3221789,8.0298,0
PRI,19.7,-59.35,3221789,3.1474,0
PRI,17.8,-59.43,3221789,2.1317,0
PRI,17.03,-59.57,3221789,1.5753,0
PRI,17.03,-59.57,3221789,1.5753,0
PRI,16.8,-64.2,3221789,1.0172,0
PRI,15.08,-63.07,3221789,0.8348,0
PRI,17.32,-59.93,3221789,1.4387,0
PRI,17.32,-59.93,3221789,1.4387,0
PRI,16.98,-60,3221789,1.1748,0
PRI,17.38,-63.38,3221789,0.2741,0
PRI,16.33,-62.88,3221789,0.7522,0
PRI,15.98,-62.9,3221789,0.7859,0
PRI,16.03,-62.37,3221789,0.6041,0
PRI,16.38,-62.83,3221789,0.6847,0
PRI,16.38,-62.83,3221789,0.6847,0
PRI,17.42,-65.3,3221789,0.4826,0
PRI,17.42,-65.3,3221789,0.4826,0
PRI,17.45,-66.22,3221789,0.4732,0
PRI,17.42,-66.22,3221789,0.5032,0
PRI,17.72,-66.9,3221789,0.2113,0
PRI,29.42,-63.4,3221789,3.1657,0
PRI,25.97,-59.72,3221789,8.0667,0
PRI,25.73,-59.17,3221789,8.3024,0
PRI,25.02,-58.73,3221789,7.9269,0
PRI,22.07,-58.73,3221789,5.3346,0
PRI,18.48,-59.33,3221789,2.55,0
PRI,17.68,-64.95,3221789,0.0549,0
PRI,17.02,-64.78,3221789,0.6727,0
PRI,16.62,-64.7,3221789,1.0805,0
PRI,15.9,-64.55,3221789,0.9281,0
PRI,15.9,-64.55,3221789,0.9281,0
PRI,15.28,-64.43,3221789,0.8918,0
PRI,15.62,-64.13,3221789,0.493,0
PRI,24.27,-59.93,3221789,6.6598,0
PRI,21.75,-59.92,3221789,4.4561,0
PRI,18.07,-60.15,3221789,1.6445,0
PRI,18.07,-60.15,3221789,1.6445,0
PRI,16.75,-60.28,3221789,0.8161,0
PRI,16.87,-62.63,3221789,0.2348,0
PRI,17.67,-63.58,3221789,0.3319,0
PRI,17.42,-63.15,3221789,0.1712,0
PRI,16.07,-61.9,3221789,0.1326,0
PRI,18.28,-64.88,3221789,0.0245,0
PRI,17.52,-63.42,3221789,0.198,0
PRI,17.2,-63,3221789,0.2121,0
PRI,17,-62.78,3221789,0.1975,0
PRI,16.27,-62.48,3221789,0.4935,0
PRI,26.93,-59.08,3221789,7.7762,0
PRI,17.9,-58.5,3221789,2.9343,0
PRI,17.57,-63.28,3221789,0.0605,0
PRI,17.43,-63.35,3221789,0.2158,0
PRI,17.58,-64.38,3221789,0.2483,0
PRI,16.72,-63.6,3221789,0.965,0
PRI,17.03,-63.4,3221789,0.6059,0
PRI,16.6,-62.35,3221789,0.1583,0
PRI,30.12,-61.11,3221789,4.1889,0
PRI,26.04,-60.44,3221789,7.5882,0
PRI,23.8,-59.82,3221789,6.325,0
PRI,17.37,-64.83,3221789,0.3195,0
PRI,16.78,-64.64,3221789,0.9327,0
PRI,16.44,-64.53,3221789,1.1543,0
PRI,15.02,-64.08,3221789,0.8067,0
PRI,19.87,-59.71,3221789,3.002,0
PRI,19.2,-60.69,3221789,1.8597,0
PRI,17.81,-60.77,3221789,0.9804,0
PRI,17,-60.76,3221789,0.6927,0
PRI,17.99,-63.17,3221789,0.0781,0
PRI,17.37,-65.25,3221789,0.473,0
PRI,17.37,-65.25,3221789,0.473,0
PRI,17.32,-66.41,3221789,0.6274,0
PRI,17.32,-66.41,3221789,0.6274,0
PRI,29.22,-59.11,3221789,6.3683,0
PRI,29.23,-59.19,3221789,6.2938,0
PRI,29.24,-59.22,3221789,6.2628,0
PRI,19.01,-58.68,3221789,3.351,0
PRI,15.96,-65.13,3221789,1.5088,0
PRI,15.25,-64.48,3221789,0.95,0
PRI,20.79,-60.83,3221789,3.2239,0
PRI,17.82,-61.39,3221789,0.3915,0
PRI,17.16,-62.73,3221789,0.0961,0
PRI,19.06,-65.01,3221789,0.6564,0
PRI,19.83,-65.17,3221789,1.3258,0
PRI,19.83,-65.17,3221789,1.3258,0
PRI,22.12,-65.82,3221789,3.6585,0
PRI,22.12,-65.82,3221789,3.6585,0
PRI,22.6,-65.95,3221789,4.13,0
PRI,16.17,-62.13,3221789,0.3423,0
PRI,16.26,-67.54,3221789,1.7108,0
PRI,26.87,-59,3221789,7.8754,0
PRI,20.72,-56.75,3221789,5.8608,0
PRI,16.43,-63.6,3221789,0.7281,0
PRI,17.84,-65,3221789,0.136,0
PRI,17.84,-65,3221789,0.136,0
PRI,15.22,-64.37,3221789,0.871,0
PRI,15.22,-64.37,3221789,0.871,0
PRI,19.57,-59.48,3221789,2.9643,0
PRI,19.57,-59.48,3221789,2.9643,0
PRI,18.53,-59.6,3221789,2.3159,0
PRI,16.57,-60.48,3221789,0.5562,0
PRI,15.87,-63.03,3221789,0.6279,0
PRI,16.73,-63.68,3221789,0.9888,0
PRI,16.73,-63.68,3221789,0.9888,0
PRI,17.3,-64.4,3221789,0.4789,0
PRI,18.53,-64.4,3221789,0.0211,0
PRI,16.48,-63.15,3221789,0.8239,0
PRI,15.83,-62.93,3221789,0.7164,0
PRI,15.23,-62.78,3221789,0.9729,0
PRI,17.97,-59.03,3221789,2.5446,0
PRI,15.75,-62.5,3221789,0.8026,0
PRI,15.75,-62.5,3221789,0.8026,0
PRI,18.48,-64.25,3221789,0.0825,0
PRI,18.48,-64.25,3221789,0.0825,0
PRI,17.77,-63.78,3221789,0.5467,0
PRI,16.57,-63.37,3221789,0.908,0
PRI,15.92,-63.08,3221789,0.5964,0
PRI,22.48,-57.92,3221789,6.1485,0
PRI,18.87,-58.05,3221789,3.874,0
PRI,18.87,-58.05,3221789,3.874,0
PRI,26.02,-61.37,3221789,7.1191,0
PRI,19.55,-59.93,3221789,2.6189,0
PRI,18.8,-59.62,3221789,2.4141,0
PRI,17.57,-59.18,3221789,2.1842,0
PRI,18.28,-64.22,3221789,0.2453,0
PRI,16.07,-63.2,3221789,0.5704,0
PRI,20.03,-60.15,3221789,2.849,0
PRI,20.03,-60.15,3221789,2.849,0
PRI,18.52,-60.49,3221789,1.5241,0
PRI,18.52,-60.49,3221789,1.5241,0
PRI,17.35,-60.34,3221789,1.1953,0
PRI,17.32,-61,3221789,0.7096,0
PRI,17.32,-61,3221789,0.7096,0
PRI,16.78,-60.19,3221789,0.9093,0
PRI,16.78,-60.19,3221789,0.9093,0
PRI,16.68,-62,3221789,0.1415,0
PRI,16.68,-62,3221789,0.1415,0
PRI,18.02,-64.07,3221789,0.5454,0
PRI,17.41,-63.33,3221789,0.2243,0
PRI,17.4,-63.33,3221789,0.2334,0
PRI,16.97,-62.88,3221789,0.2995,0
PRI,15.93,-62.38,3221789,0.6314,0
PRI,19.23,-61.3,3221789,1.5957,0
PRI,17.35,-60.75,3221789,0.9567,0
PRI,16.07,-61.95,3221789,0.1822,0
PRI,16.07,-61.95,3221789,0.1822,0
PRI,16.07,-61.95,3221789,0.1822,0
PRI,16.07,-61.95,3221789,0.1822,0
PRI,16.07,-61.95,3221789,0.1822,0
PRI,17.9,-64.62,3221789,0.1301,0
PRI,17.9,-64.62,3221789,0.1301,0
PRI,18.27,-64.47,3221789,0.1188,0
PRI,18.42,-64.32,3221789,0.0749,0
PRI,18.42,-64.32,3221789,0.0749,0
PRI,18,-63.85,3221789,0.6501,0
PRI,18,-63.85,3221789,0.6501,0
PRI,16.1,-62.23,3221789,0.4573,0
PRI,16.1,-62.23,3221789,0.4573,0
PRI,15.48,-62.53,3221789,0.9578,0
PRI,15.48,-62.53,3221789,0.9578,0
PRI,21.63,-60.02,3221789,4.3049,0
PRI,17.43,-61.04,3221789,0.7043,0
PRI,16.85,-61.44,3221789,0.3037,0
PRI,17.3,-64.67,3221789,0.4135,0
PRI,16.64,-64.27,3221789,1.1291,0
PRI,16.25,-63.96,3221789,0.634,0
PRI,21.91,-61.14,3221789,4.0213,0
PRI,23.95,-57.68,3221789,7.4802,0
PRI,21.22,-57.73,3221789,5.3671,0
PRI,27.48,-62.8,3221789,5.1816,0
PRI,27.56,-62.47,3221789,5.2451,0
PRI,27.66,-61.97,3221789,5.3984,0
PRI,27.63,-61.25,3221789,5.8208,0
PRI,27.08,-59.62,3221789,7.2895,0
PRI,19.12,-59.73,3221789,2.4907,0
PRI,17.87,-60.43,3221789,1.3255,0
PRI,15.71,-61.98,3221789,0.3705,0
PRI,17.26,-65.12,3221789,0.4788,0
PRI,16.41,-65.4,3221789,1.3692,0
PRI,15.65,-65.51,3221789,1.8671,0
PRI,15.65,-65.51,3221789,1.8671,0
PRI,15.73,-65.21,3221789,1.5667,0
PRI,15.73,-65.21,3221789,1.5667,0
PRI,14.94,-65.03,3221789,1.5813,0
PRI,29.3,-62.54,3221789,3.712,0
PRI,25.6,-57.1,3221789,9.1875,0
PRI,24.45,-56.76,3221789,8.4174,0
PRI,17.42,-63.72,3221789,0.511,0
PRI,17.34,-63.76,3221789,0.5825,0
PRI,17.36,-63.8,3221789,0.6088,0
PRI,17.46,-63.8,3221789,0.5726,0
PRI,16.37,-65.01,3221789,1.3178,0
PRI,16.55,-64.71,3221789,1.1478,0
PRI,15.28,-67.42,3221789,2.6652,0
PRI,18.12,-64.89,3221789,0.1848,0
PRI,17.79,-64.39,3221789,0.1723,0
PRI,16.35,-63.31,3221789,0.726,0
PRI,15.84,-62.94,3221789,0.7084,0
PRI,16.34,-62.91,3221789,0.7741,0
PRI,16.06,-62.62,3221789,0.7458,0
PRI,15.88,-62.45,3221789,0.7123,0
PRI,29.19,-58.58,3221789,6.8486,0
PRI,29.18,-58.51,3221789,6.9153,0
PRI,29.18,-58.51,3221789,6.9153,0
PRI,28.63,-58.22,3221789,7.4337,0
PRI,28.63,-58.22,3221789,7.4337,0
PRI,28.63,-58.22,3221789,7.4337,0
PRI,28.63,-58.22,3221789,7.4337,0
PRI,18.52,-59.56,3221789,2.349,0
PRI,16.87,-60.33,3221789,0.8419,0
PRI,15.93,-61.92,3221789,0.2039,0
PRI,16.87,-61.36,3221789,0.3603,0
PRI,16.61,-61.76,3221789,0.2457,0
PRI,17.67,-62.92,3221789,0.1637,0
PRI,18.37,-64.13,3221789,0.2406,0
PRI,18.42,-64.35,3221789,0.0643,0
PRI,23.31,-56.75,3221789,7.5384,0
PRI,19.93,-58.03,3221789,4.3567,0
PRI,17.81,-58.63,3221789,2.7764,0
PRI,20.03,-60.45,3221789,2.6882,0
PRI,17.6,-62.71,3221789,0.2143,0
PRI,17.4,-66.73,3221789,0.5637,0
PRI,16.75,-62.09,3221789,0.0577,0
PRI,16.74,-62.3,3221789,0.071,0
PRI,18.66,-64.96,3221789,0.2736,0
PRI,19.43,-64.95,3221789,0.8734,0
PRI,24.69,-58.22,3221789,7.8462,0
PRI,23.24,-57.81,3221789,6.8211,0
PRI,21.66,-57.93,3221789,5.5259,0
PRI,21.65,-57.93,3221789,5.5187,0
PRI,19.5,-57.91,3221789,4.2558,0
PRI,18.29,-58.23,3221789,3.3751,0
PRI,16.42,-61.31,3221789,0.0828,0
PRI,17.97,-63.15,3221789,0.0823,0
PRI,18.4,-64.15,3221789,0.2082,0
PRI,18.06,-64.54,3221789,0.2764,0
PRI,17.86,-64.31,3221789,0.2693,0
PRI,17.08,-63.98,3221789,0.887,0
PRI,16.89,-63.88,3221789,0.9662,0
PRI,16.98,-63.48,3221789,0.6791,0
PRI,17.48,-63.72,3221789,0.4902,0
PRI,16.68,-64.27,3221789,1.11,0
PRI,16.41,-65.1,3221789,1.2891,0
PRI,16.2,-65.93,3221789,1.7446,0
PRI,16.05,-66.98,3221789,1.8798,0
PRI,25.07,-59.06,3221789,7.8039,0
PRI,24.43,-58.99,3221789,7.2822,0
PRI,20.77,-58.64,3221789,4.3937,0
PRI,17.45,-66.12,3221789,0.4804,0
PRI,18.3741,-64.5312,3221789,0.0415,0
PRI,17.6365,-63.2573,3221789,0.0077,0
PRI,15.9803,-61.7175,3221789,0.0173,0
PRI,17.8972,-62.8575,3221789,0.0015,0
PRI,22.67,-64.81,3221789,3.9458,0
PRI,18.3,-64.73,3221789,0.0148,0
PRI,17.93,-62.87,3221789,0.004,0
PRI,18.46,-65.02,3221789,0.0907,0
PRI,18.5,-64.37,3221789,0.0064,0
PRI,18.2243,-64.3198,3221789,0.2463,0
PRI,18.3031,-64.2331,3221789,0.2188,0
PRI,18.2038,-64.4243,3221789,0.1961,0
PRI,18.2893,-64.277,3221789,0.212,0
PRI,18.0396,-63.0917,3221789,0.005,0
PRI,18.3642,-64.7255,3221789,0.0038,0
PRI,18.3642,-64.7255,3221789,0.0038,0
PRI,18.3596,-64.8114,3221789,0.0262,0
PRI,18.301,-64.8292,3221789,0.0198,0
PRI,18.45,-64.4364,3221789,0.0013,0
PRI,18.4356,-64.7122,3221789,0.014,0
PRI,18.4419,-64.7511,3221789,0.0012,0
PRT,36.835967,-8.0869,10409704,0.1867,0
PRT,36.88745,-7.704033,10409704,0.1579,0
PRT,38.653411,-11.93308,10409704,2.4393,0
PRT,35.113602,-12.841339,10409704,3.9883,0
RUS,72.214722,63.281389,144236933,2.5256,0
RUS,73.277778,66.813889,144236933,1.9764,0
RUS,73.350556,66.885,144236933,2.0369,0
RUS,73.671111,69.8025,144236933,0.3142,0
RUS,73.852778,72.996389,144236933,1.1534,0
RUS,76.1895,88.6255,144236933,0.784,0
RUS,77.150917,95.6137,144236933,0.0732,0
RUS,77.6422,102.556917,144236933,0.1413,0
RUS,77.85345,107.355183,144236933,0.2211,0
RUS,77.14559,121.28344,144236933,4.0599,0
RUS,77.24905,121.412233,144236933,4.0858,0
RUS,76.862767,126.131183,144236933,3.3021,0
RUS,76.904417,132.33605,144236933,3.4301,0
RUS,76.817183,140.563417,144236933,0.8798,0
RUS,74.56013,160.5009,144236933,3.6249,0
RUS,73.14464,149.21048,144236933,0.9212,0
RUS,73.04047,142.14835,144236933,0.2049,0
RUS,72.5677,140.35571,144236933,0.0777,0
RUS,72.4954,139.1119,144236933,0.1745,0
RUS,73.35583,130.13553,144236933,0.7504,0
RUS,73.52174,129.18902,144236933,0.403,0
RUS,75.00718,126.44744,144236933,1.4586,0
RUS,75.25803,127.23713,144236933,1.7183,0
RUS,75.74736,126.246155,144236933,2.1879,0
RUS,76.23669,125.25518,144236933,2.3855,0
RUS,76.53566,127.48354,144236933,2.9902,0
RUS,77.18697,120.40025,144236933,3.9526,0
RUS,76.51544,93.36109,144236933,0.4089,0
RUS,74.17167,81.1872,144236933,0.5635,0
RUS,73.31981,73.13165,144236933,0.6774,0
RUS,72.58803,65.37041,144236933,1.975,0
RUS,71.3828,61.1794,144236933,1.5187,0
RUS,69.4582,49.2356,144236933,0.0515,0
RUS,68.5913,44.1215,144236933,0.0475,0
RUS,66.1312,40.2519,144236933,0.2179,0
RUS,65.485,39.4665,144236933,0.2449,0
RUS,87.8512,168.207,144236933,15.7706,0
RUS,70.345417,57.604583,144236933,0.302,0
RUS,73.475556,68.206528,144236933,1.0952,0
RUS,75.613333,86.989583,144236933,0.4505,0
RUS,74.917942,160.760892,144236933,3.9901,0
RUS,74.399867,157.07205,144236933,2.7162,0
RUS,73.117458,147.178142,144236933,0.787,0
RUS,73.0779,134.986875,144236933,1.1739,0
RUS,74.256792,129.504625,144236933,1.1921,0
RUS,76.579075,125.679542,144236933,2.8514,0
RUS,76.777833,125.832383,144236933,3.0945,0
RUS,76.832492,126.75805,144236933,3.2954,0
RUS,76.893975,127.774892,144236933,3.3522,0
RUS,73.814292,73.917975,144236933,0.7559,0
SEN,16.8858,-24.9912,17316449,0.0149,0
SEN,18.7328,-35.6793,17316449,10.4543,0
SEN,16.726333,-27.050333,17316449,1.7216,0
SEN,14.864849,-23.722012,17316449,0.0841,0
SEN,12.194694,-22.153712,17316449,3.0359,0
SEN,11.509928,-21.746309,17316449,3.8307,0
SUR,15.1565,-51.1475,618040,8.5166,0
SUR,15.6498,-51.0078,618040,8.7794,0
SWE,63.1279,18.826,10486941,0.0544,0
THA,7.1221,99.4243,71697030,0.0828,0
TTO,15.1,-61.98,1531044,0.6143,0
TTO,15.1,-61.98,1531044,0.6143,0
TTO,13.98,-61.7,1531044,0.6295,0
TTO,13.98,-61.7,1531044,0.6295,0
TTO,12.22,-61.77,1531044,0.0652,0
TTO,12.48,-61.47,1531044,0.0035,0
TTO,15.95,-60.05,1531044,1.0195,0
TTO,15.95,-60.05,1531044,1.0195,0
TTO,14.18,-60.75,1531044,0.1802,0
TTO,14.18,-60.75,1531044,0.1802,0
TTO,13.97,-61.22,1531044,0.1638,0
TTO,13.7,-61.2,1531044,0.1599,0
TTO,12,-61.5,1531044,0.1368,0
TTO,12,-61.5,1531044,0.1368,0
TTO,12.25,-61.77,1531044,0.0845,0
TTO,13.05,-61.3,1531044,0.0587,0
TTO,13.3,-61.32,1531044,0.0506,0
TTO,13.18,-62.07,1531044,0.7914,0
TTO,13.18,-62.07,1531044,0.7914,0
TTO,16.08,-59.95,1531044,1.0728,0
TTO,16.08,-59.95,1531044,1.0728,0
TTO,14.77,-60.55,1531044,0.3294,0
TTO,14.77,-60.55,1531044,0.3294,0
TTO,14.23,-61.18,1531044,0.2606,0
TTO,14.23,-61.18,1531044,0.2606,0
TTO,12.73,-61.7,1531044,0.2736,0
TTO,14.1,-60.78,1531044,0.1184,0
TTO,14.1,-60.78,1531044,0.1184,0
TTO,14.03,-61.08,1531044,0.0681,0
TTO,13.85,-61.07,1531044,0.0011,0
TTO,13.85,-61.07,1531044,0.0011,0
TTO,13.85,-61.07,1531044,0.0011,0
TTO,13.15,-61.1,1531044,0.0524,0
TTO,13.13,-61.12,1531044,0.0478,0
TTO,11.8,-61.38,1531044,0.3505,0
TTO,11.8,-61.38,1531044,0.3505,0
TTO,12.08,-62,1531044,0.2214,0
TTO,12.78,-61.72,1531044,0.316,0
TTO,13.45,-61.73,1531044,0.4866,0
TTO,13.45,-61.73,1531044,0.4866,0
TTO,14.45,-62.08,1531044,0.9257,0
TTO,14.42,-62.08,1531044,0.9377,0
TTO,16.2,-59.47,1531044,1.5263,0
TTO,15.03,-59.57,1531044,1.3335,0
TTO,13.1,-60,1531044,0.359,0
TTO,12.02,-61.87,1531044,0.0803,0
TTO,11.98,-61.38,1531044,0.2545,0
TTO,11.9,-61.83,1531044,0.1153,0
TTO,12.18,-61.82,1531044,0.0913,0
TTO,12.57,-61.85,1531044,0.3681,0
TTO,12.57,-61.85,1531044,0.3681,0
TTO,13.02,-61.45,1531044,0.1745,0
TTO,13.2,-61.32,1531044,0.0434,0
TTO,13.2,-61.32,1531044,0.0434,0
TTO,12.42,-61.93,1531044,0.3163,0
TTO,12.42,-61.93,1531044,0.3163,0
TTO,12.07,-61.98,1531044,0.1993,0
TTO,12.07,-61.98,1531044,0.1993,0
TTO,14.95,-60.43,1531044,0.4814,0
TTO,14.95,-60.43,1531044,0.4814,0
TTO,12.95,-60.15,1531044,0.5428,0
TTO,12.95,-60.15,1531044,0.5428,0
TTO,12.15,-60.27,1531044,0.8403,0
TTO,12.15,-60.27,1531044,0.8403,0
TTO,11.78,-60.42,1531044,0.4429,0
TTO,11.78,-60.42,1531044,0.4429,0
TTO,11.7,-61.27,1531044,0.4991,0
TTO,12.22,-61.73,1531044,0.0345,0
TTO,17.12,-58.38,1531044,2.7215,0
TTO,16.02,-58.47,1531044,2.5403,0
TTO,15.25,-62.1,1531044,0.6692,0
TTO,13.08,-61.18,1531044,0.036,0
TTO,13.03,-61.83,1531044,0.5538,0
TTO,15.55,-58.78,1531044,2.237,0
TTO,14.87,-58.97,1531044,1.6554,0
TTO,13.93,-59.13,1531044,0.755,0
TTO,13.2,-61.3,1531044,0.0241,0
TTO,12.05,-61.9,1531044,0.1171,0
TTO,14.08,-60.26,1531044,0.6304,0
TTO,13.45,-60.51,1531044,0.5095,0
TTO,12.58,-61.76,1531044,0.2862,0
TTO,15.11,-60.49,1531044,0.5121,0
TTO,15.11,-60.49,1531044,0.5121,0
TTO,14.2,-60.58,1531044,0.3409,0
TTO,13.47,-60.41,1531044,0.5846,0
TTO,13.47,-60.41,1531044,0.5846,0
TTO,12.81,-59.99,1531044,0.4652,0
TTO,12.34,-60.03,1531044,0.8559,0
TTO,13.08,-61.35,1531044,0.1112,0
TTO,12.42,-61.76,1531044,0.2041,0
TTO,12.51,-61.52,1531044,0.0419,0
TTO,13.99,-60.74,1531044,0.1433,0
TTO,13.77,-60.57,1531044,0.3283,0
TTO,13.31,-60.32,1531044,0.666,0
TTO,13.12,-60.35,1531044,0.7051,0
TTO,12.99,-60.14,1531044,0.5219,0
TTO,12.48,-60.25,1531044,0.8786,0
TTO,14.48,-61.38,1531044,0.2766,0
TTO,16.83,-57.93,1531044,3.0972,0
TTO,16.03,-57.87,1531044,3.1353,0
TTO,15.02,-57.67,1531044,2.5559,0
TTO,14.02,-58.95,1531044,0.9407,0
TTO,11.83,-60.83,1531044,0.5505,0
TTO,11.28,-61,1531044,0.1848,0
TTO,12.13,-61.78,1531044,0.0349,0
TTO,13.33,-61.25,1531044,0.0207,0
TTO,13.95,-61.88,1531044,0.8045,0
TTO,13.27,-61.47,1531044,0.1944,0
TTO,13.27,-61.47,1531044,0.1944,0
TTO,12.5,-62.03,1531044,0.4443,0
TTO,12.5,-62.03,1531044,0.4443,0
TTO,11.75,-59.38,1531044,1.2131,0
TTO,13.12,-61.53,1531044,0.267,0
TTO,13.12,-61.53,1531044,0.267,0
TTO,13.72,-60.68,1531044,0.2336,0
TTO,13.72,-60.68,1531044,0.2336,0
TTO,12.32,-61.88,1531044,0.2137,0
TTO,12.32,-61.88,1531044,0.2137,0
TTO,11.72,-61.9,1531044,0.3085,0
TTO,11.72,-61.9,1531044,0.3085,0
TTO,13.25,-62,1531044,0.7214,0
TTO,12.67,-61.53,1531044,0.0975,0
TTO,15.53,-59.1,1531044,1.932,0
TTO,11.38,-59.92,1531044,0.6042,0
TTO,11.38,-59.92,1531044,0.6042,0
TTO,12.33,-61.82,1531044,0.1742,0
TTO,12.33,-61.82,1531044,0.1742,0
TTO,14.13,-61.93,1531044,0.8871,0
TTO,12.49,-61.68,1531044,0.185,0
TTO,12.49,-61.68,1531044,0.185,0
TTO,13.6,-60.73,1531044,0.2436,0
TTO,12,-61.48,1531044,0.1554,0
TTO,12,-61.48,1531044,0.1554,0
TTO,12.57,-61.63,1531044,0.1663,0
TTO,12.08,-62.02,1531044,0.2404,0
TTO,12.08,-62.02,1531044,0.2404,0
TTO,15.02,-59.18,1531044,1.7101,0
TTO,13.17,-59.82,1531044,0.173,0
TTO,11.72,-61.25,1531044,0.5006,0
TTO,14.03,-61.78,1531044,0.7174,0
TTO,13.52,-61.35,1531044,0.2046,0
TTO,12.63,-61.5,1531044,0.05,0
TTO,12,-61.93,1531044,0.1397,0
TTO,16.03,-60.29,1531044,0.7675,0
TTO,15.51,-60.35,1531044,0.9039,0
TTO,15.51,-60.35,1531044,0.9039,0
TTO,14.8,-60.14,1531044,0.7267,0
TTO,14.8,-60.14,1531044,0.7267,0
TTO,13.9,-60.15,1531044,0.7351,0
TTO,13.9,-60.15,1531044,0.7351,0
TTO,13.13,-60.16,1531044,0.5148,0
TTO,14.85,-61.69,1531044,0.462,0
TTO,14.85,-61.69,1531044,0.462,0
TTO,14.62,-61.92,1531044,0.7188,0
TTO,14.02,-61.07,1531044,0.0542,0
TTO,12.83,-61.32,1531044,0.0962,0
TTO,12.63,-61.63,1531044,0.1745,0
TTO,11.23,-61.83,1531044,0.4864,0
TTO,13.98,-61.12,1531044,0.0776,0
TTO,15.73,-60.3,1531044,0.9146,0
TTO,15.73,-60.3,1531044,0.9146,0
TTO,15.73,-60.3,1531044,0.9146,0
TTO,15.73,-60.3,1531044,0.9146,0
TTO,14.93,-59.96,1531044,0.9319,0
TTO,14.45,-60.01,1531044,0.8005,0
TTO,14.01,-59.97,1531044,0.7527,0
TTO,13.73,-59.93,1531044,0.4931,0
TTO,12.98,-59.74,1531044,0.1644,0
TTO,11.23,-60.17,1531044,0.3603,0
TTO,11.18,-61.09,1531044,0.243,0
TTO,12.77,-61.41,1531044,0.086,0
TTO,12.88,-61.63,1531044,0.3239,0
TTO,12.5,-61.54,1531044,0.053,0
TTO,14.41,-59.32,1531044,1.105,0
TTO,11.78,-59.63,1531044,0.994,0
TTO,12.1,-59.53,1531044,0.9512,0
TTO,11.68,-59.55,1531044,1.0296,0
TTO,15.38,-61.8,1531044,0.3432,0
TTO,13.85,-61.32,1531044,0.2427,0
TTO,13.11,-61.37,1531044,0.1248,0
TTO,14.19,-60.98,1531044,0.0909,0
TTO,13.74,-61.16,1531044,0.104,0
TTO,16.68,-57.8,1531044,3.2066,0
TTO,16.39,-57.85,1531044,3.1396,0
TTO,12.67,-61.53,1531044,0.0975,0
TTO,13.14,-61.66,1531044,0.3881,0
TTO,13.29,-61.4,1531044,0.1296,0
TTO,13.27,-61.72,1531044,0.4435,0
TTO,16.16,-57.97,1531044,3.025,0
TTO,14.98,-58.29,1531044,2.0996,0
TTO,11.1,-59.76,1531044,0.7883,0
TTO,12.67,-61.5,1531044,0.077,0
TTO,12.2,-61.78,1531044,0.0604,0
TTO,12.31,-61.93,1531044,0.2464,0
TTO,14.54,-60.61,1531044,0.2127,0
TTO,14.54,-60.61,1531044,0.2127,0
TTO,14.54,-60.61,1531044,0.2127,0
TTO,14.54,-60.61,1531044,0.2127,0
TTO,14.54,-60.61,1531044,0.2127,0
TTO,13.3,-61.47,1531044,0.1997,0
TTO,13.88,-61.71,1531044,0.6315,0
TTO,13.88,-61.71,1531044,0.6315,0
TTO,13.88,-61.71,1531044,0.6315,0
TTO,13.88,-61.71,1531044,0.6315,0
TTO,13.88,-61.71,1531044,0.6315,0
TTO,15.4,-59.36,1531044,1.642,0
TTO,14.37,-59.76,1531044,1.036,0
TTO,14.36,-59.76,1531044,1.0261,0
TTO,13.37,-59.86,1531044,0.2161,0
TTO,13.33,-59.86,1531044,0.2086,0
TTO,12.6,-60.01,1531044,0.6284,0
TTO,11.68,-60.09,1531044,0.5483,0
TTO,13.26,-61.42,1531044,0.1437,0
TTO,13.92,-61.39,1531044,0.3141,0
TTO,14.6,-61.44,1531044,0.282,0
TTO,14.62,-60.27,1531044,0.5612,0
TTO,13.75,-59.89,1531044,0.4867,0
TTO,12.72,-60.34,1531044,0.8099,0
TTO,14.96,-62.06,1531044,0.7283,0
TTO,16.98,-58.53,1531044,2.5396,0
TTO,15.07,-58.31,1531044,2.1589,0
TTO,14.1,-58.19,1531044,1.5533,0
TTO,13.22,-58.05,1531044,1.3782,0
TTO,13.21,-58.05,1531044,1.3778,0
TTO,12.57,-57.9,1531044,1.6279,0
TTO,11.85,-57.85,1531044,2.0309,0
TTO,11.83,-57.87,1531044,2.0281,0
TTO,11.03,-57.91,1531044,2.5819,0
TTO,10.63,-58.44,1531044,2.1869,0
TTO,15.66,-60.77,1531044,0.4957,0
TTO,15.47,-61,1531044,0.2573,0
TTO,14.0726,-60.9595,1531044,0.0076,0
TTO,14.1167,-60.9167,1531044,0.0097,0
TTO,14.8735,-53.5194,1531044,6.1509,0
TTO,15.4095,-55.187,1531044,4.7995,0
TTO,14.1198,-60.8745,1531044,0.0421,0
TTO,14.1,-58.1,1531044,1.6259,0
TTO,15.4108,-53.8372,1531044,6.0257,0
TTO,14.5,-54.8167,1531044,4.8009,0
TTO,14.8316,-53.3756,1531044,6.2778,0
TTO,15.1785,-53.7555,1531044,6.0198,0
TTO,14.1383,-58.9683,1531044,1.0187,0
TTO,14.1281,-60.7911,1531044,0.12,0
TTO,14.7667,-56.2833,1531044,3.5302,0
TTO,13.319,-56.4845,1531044,2.9467,0
TTO,14.7075,-61.187333,1531044,0.0076,0
TTO,10.758064,-61.436573,1531044,0.0012,0
TTO,10.758064,-61.436573,1531044,0.0012,0
TTO,10.758064,-61.436573,1531044,0.0012,0
TTO,10.758064,-61.436573,1531044,0.0012,0
TTO,10.758064,-61.436573,1531044,0.0012,0
TTO,10.758064,-61.436573,1531044,0.0012,0
TUN,37.3447,9.7411,12356117,0,0
TWN,25.21756,121.6519,23600000,0.0116,0
TWN,25.21756,121.6519,23600000,0.0116,0
TWN,25.21555,121.65343,23600000,0.012,0
TWN,25.21555,121.65343,23600000,0.012,0
TWN,25.20997,121.65875,23600000,0.0097,0
USA,40.3,-69.77,333287557,0.9673,0
USA,39.88,-67.15,333287557,3.1324,0
USA,42.74,-70.31,333287557,0.2977,0
USA,42.74,-70.31,333287557,0.2977,0
USA,41.3,-68.74,333287557,1.218,0
USA,25.87,-79.97,333287557,0.1534,0
USA,25.87,-79.97,333287557,0.1534,0
USA,33.73,-64.85,333287557,1.3526,0
USA,41.01,-70.59,333287557,0.3186,0
USA,42.66,-70.42,333287557,0.1781,0
USA,42.66,-70.42,333287557,0.1781,0
USA,40.77,-68.69,333287557,1.3642,0
USA,41.03,-70.81,333287557,0.218,0
USA,41.03,-70.81,333287557,0.218,0
USA,40.98,-70.62,333287557,0.3239,0
USA,40.98,-70.62,333287557,0.3239,0
USA,38.82,-69.28,333287557,2.5244,0
USA,37.47,-66.97,333287557,4.8236,0
USA,24.6,-80.62,333287557,0.2749,0
USA,24.6,-80.62,333287557,0.2749,0
USA,24.9,-79.67,333287557,0.7297,0
USA,24.9,-79.67,333287557,0.7297,0
USA,25.25,-79.83,333287557,0.4175,0
USA,25.25,-79.83,333287557,0.4175,0
USA,43.18,-67.98,333287557,1.044,0
USA,43.18,-67.98,333287557,1.044,0
USA,43.3,-68.65,333287557,0.7105,0
USA,43.3,-68.65,333287557,0.7105,0
USA,43.48,-69.66,333287557,0.2755,0
USA,43.48,-69.66,333287557,0.2755,0
USA,41.12,-71.53,333287557,0.0373,0
USA,43.14,-68.8,333287557,0.8823,0
USA,40.33,-69.9,333287557,0.9149,0
USA,40.33,-69.9,333287557,0.9149,0
USA,39.82,-69.08,333287557,1.6824,0
USA,39.82,-69.08,333287557,1.6824,0
USA,39.03,-68.33,333287557,2.7579,0
USA,38.48,-67.45,333287557,3.7424,0
USA,38.13,-66.2,333287557,4.8911,0
USA,25.97,-79.73,333287557,0.3876,0
USA,40.43,-71.12,333287557,0.8399,0
USA,39.4,-70.6,333287557,1.8591,0
USA,40.08,-68.97,333287557,1.5369,0
USA,41.4,-70.85,333287557,0.0292,0
USA,40.62,-71,333287557,0.6551,0
USA,40.63,-71,333287557,0.6455,0
USA,39.67,-70.42,333287557,1.6022,0
USA,38.18,-69.3,333287557,3.1386,0
USA,37.8,-67.9,333287557,4.0214,0
USA,26,-79.78,333287557,0.336,0
USA,26,-79.78,333287557,0.336,0
USA,36.82,-65.43,333287557,4.495,0
USA,40.8,-70.12,333287557,0.4424,0
USA,41.22,-68.95,333287557,1.0093,0
USA,41,-70.88,333287557,0.2571,0
USA,40.67,-70.52,333287557,0.6431,0
USA,40.67,-70.52,333287557,0.6431,0
USA,40.1,-70.08,333287557,1.142,0
USA,40.1,-70.08,333287557,1.142,0
USA,39.35,-69.48,333287557,1.9598,0
USA,39.35,-69.48,333287557,1.9598,0
USA,39.22,-69.37,333287557,2.1155,0
USA,39.22,-69.37,333287557,2.1155,0
USA,44.08,-67.08,333287557,0.5542,0
USA,43.75,-67.22,333287557,0.784,0
USA,41.23,-70.9,333287557,0.0728,0
USA,31.58,-64.77,333287557,0.6711,0
USA,24.55,-80.18,333287557,0.5644,0
USA,25.75,-79.36,333287557,0.0668,0
USA,25.75,-79.36,333287557,0.0668,0
USA,38.88,-69.29,333287557,2.4641,0
USA,41.42,-70.72,333287557,0.0035,0
USA,42.42,-70.5,333287557,0.2335,0
USA,44.25,-68.12,333287557,0.0961,0
USA,40.43,-70.05,333287557,0.8107,0
USA,40.43,-70.05,333287557,0.8107,0
USA,38.92,-69.73,333287557,2.3351,0
USA,36.17,-65.3,333287557,3.8325,0
USA,24.62,-80.32,333287557,0.4195,0
USA,25.32,-83.73,333287557,1.7432,0
USA,27.12,-83.27,333287557,0.6602,0
USA,27.12,-83.27,333287557,0.6602,0
USA,31.98,-78.95,333287557,1.1049,0
USA,42.1,-69.44,333287557,0.5509,0
USA,24.2,-80.5,333287557,0.6806,0
USA,24.6,-80.12,333287557,0.5724,0
USA,24.77,-79.73,333287557,0.7419,0
USA,24.77,-79.73,333287557,0.7419,0
USA,29.56,-79.7,333287557,1.2858,0
USA,29.56,-79.7,333287557,1.2858,0
USA,30.7,-71.91,333287557,5.8068,0
USA,31.26,-67.9,333287557,3.1822,0
USA,31.74,-65.34,333287557,0.6951,0
USA,42.03,-67.68,333287557,2.1989,0
USA,42.17,-67.87,333287557,1.995,0
USA,42.53,-68.35,333287557,1.5118,0
USA,42.82,-68.95,333287557,1.1485,0
USA,42.35,-69.43,333287557,0.6797,0
USA,42.15,-68.18,333287557,1.7723,0
USA,42.53,-67.97,333287557,1.6241,0
USA,43.32,-67.83,333287557,0.996,0
USA,43.13,-68.5,333287557,0.8942,0
USA,43.14,-69.57,333287557,0.6151,0
USA,41.33,-70.98,333287557,0.0898,0
USA,41.03,-70.76,333287557,0.222,0
USA,40.84,-70.51,333287557,0.5016,0
USA,40.66,-70.08,333287557,0.5821,0
USA,41.23,-70.9,333287557,0.0728,0
USA,39.63,-69.63,333287557,1.6515,0
USA,24.18,-81,333287557,0.5135,0
USA,24.18,-81,333287557,0.5135,0
USA,25.58,-82.73,333287557,1.0415,0
USA,24.98,-79.8,333287557,0.577,0
USA,26.87,-79.8,333287557,0.2454,0
USA,29.83,-79.13,333287557,1.9057,0
USA,31.17,-64.9,333287557,1.0796,0
USA,44.2,-69.01,333287557,0.0358,0
USA,43.92,-68.84,333287557,0.1144,0
USA,43.63,-68.23,333287557,0.5332,0
USA,43.48,-67.81,333287557,0.8834,0
USA,43.29,-68.19,333287557,0.8443,0
USA,42.19,-70.35,333287557,0.1608,0
USA,42.93,-70.12,333287557,0.53,0
USA,40.77,-69,333287557,1.0795,0
USA,42.88,-70.38,333287557,0.3062,0
USA,42.65,-70.4,333287557,0.1973,0
USA,41.12,-70.8,333287557,0.1281,0
USA,41.12,-71.09,333287557,0.2917,0
USA,40.76,-71.39,333287557,0.4231,0
USA,41.13,-70.65,333287557,0.1923,0
USA,40.42,-70.47,333287557,0.8913,0
USA,40.18,-69.88,333287557,1.0662,0
USA,40.58,-69.4,333287557,0.8774,0
USA,42.07,-69.73,333287557,0.2777,0
USA,42.18,-69.7,333287557,0.361,0
USA,40.93,-71.03,333287557,0.3817,0
USA,39.55,-69.43,333287557,1.7823,0
USA,26.82,-79.99,333287557,0.049,0
USA,24.76,-79.7,333287557,0.7728,0
USA,35.76,-69.71,333287557,5.487,0
USA,41.15,-70.75,333287557,0.1109,0
USA,43.38,-68.53,333287557,0.643,0
USA,42.52,-68.14,333287557,1.5747,0
USA,42.86,-68.91,333287557,1.1209,0
USA,42.87,-69.43,333287557,0.919,0
USA,42.76,-70.06,333287557,0.5464,0
USA,40.91,-70.59,333287557,0.3989,0
USA,40.81,-70.72,333287557,0.4456,0
USA,39.57,-69.85,333287557,1.6761,0
USA,39.62,-70.14,333287557,1.6224,0
USA,38.29,-70.51,333287557,2.9724,0
USA,38.38,-69.57,333287557,2.8916,0
USA,38.38,-69.57,333287557,2.8916,0
USA,38.34,-69.93,333287557,2.9001,0
USA,24.44,-80.76,333287557,0.3664,0
USA,25.39,-79.38,333287557,0.1807,0
USA,26.22,-79.71,333287557,0.3738,0
USA,29.69,-79.05,333287557,1.8886,0
USA,31.27,-73.64,333287557,4.3968,0
USA,31.27,-72.76,333287557,4.8415,0
USA,39.74,-70.08,333287557,1.5013,0
USA,39.02,-69.37,333287557,2.3073,0
USA,39.22,-69.71,333287557,2.0401,0
USA,41.33,-70.88,333287557,0.0377,0
USA,39.7,-70.6,333287557,1.5612,0
USA,40.86,-68.75,333287557,1.2773,0
USA,42.95,-70.34,333287557,0.3403,0
USA,42.69,-69.77,333287557,0.7041,0
USA,42.73,-69.9,333287557,0.6914,0
USA,42.88,-69.9,333287557,0.7031,0
USA,43.35,-68.12,333287557,0.8318,0
USA,40.15,-71.09,333287557,1.1022,0
USA,37.75,-67.62,333287557,4.2137,0
USA,37.3,-66.72,333287557,5.1129,0
USA,24.42,-81.8,333287557,0.1234,0
USA,24.19,-80.66,333287557,0.6342,0
USA,24.19,-80.66,333287557,0.6342,0
USA,25.31,-79.78,333287557,0.44,0
USA,25.44,-79.68,333287557,0.4088,0
USA,27.09,-79.73,333287557,0.3648,0
USA,28.93,-78.61,333287557,1.972,0
USA,28.91,-78.58,333287557,1.9967,0
USA,29.14,-79.32,333287557,1.3768,0
USA,34.22,-65.34,333287557,1.948,0
USA,40.77,-70.34,333287557,0.5179,0
USA,42.22,-70.26,333287557,0.1423,0
USA,42.22,-70.26,333287557,0.1423,0
USA,43.42,-68.29,333287557,0.6822,0
USA,43.34,-70.08,333287557,0.254,0
USA,42.18,-70.33,333287557,0.1399,0
USA,43.53,-69.57,333287557,0.2731,0
USA,42.78,-69.82,333287557,0.7664,0
USA,41.36,-68.56,333287557,1.4003,0
USA,41.13,-70.69,333287557,0.1626,0
USA,40.78,-70.45,333287557,0.5481,0
USA,37.62,-65.65,333287557,5.3212,0
USA,24.87,-79.9,333287557,0.5448,0
USA,26,-79.83,333287557,0.2861,0
USA,24.23,-81.59,333287557,0.35,0
USA,25.21,-80.07,333287557,0.2254,0
USA,24.12,-80.76,333287557,0.654,0
USA,28.68,-78.85,333287557,1.691,0
USA,29.29,-78.68,333287557,2.0209,0
USA,32.2,-71.82,333287557,4.7954,0
USA,40.62,-70.07,333287557,0.6224,0
USA,39.67,-69.43,333287557,1.6683,0
USA,40.52,-70.58,333287557,0.7611,0
USA,37.37,-69.38,333287557,3.9188,0
USA,32.83,-64.85,333287557,0.4744,0
USA,38.87,-68.88,333287557,2.616,0
USA,38.87,-68.88,333287557,2.616,0
USA,35.1,-66.71,333287557,3.3405,0
USA,33.75,-64.93,333287557,1.3848,0
USA,39.12,-66.41,333287557,4.1458,0
USA,40.52,-67.62,333287557,2.4569,0
USA,43.09,-67.49,333287557,1.3574,0
USA,43.09,-67.49,333287557,1.3574,0
USA,41.35,-69.02,333287557,0.9407,0
USA,41.83,-69.3,333287557,0.6247,0
USA,40.47,-68.38,333287557,1.7682,0
USA,25.88,-80.02,333287557,0.1029,0
USA,40.15,-69.48,333287557,1.2025,0
USA,41.24,-68.35,333287557,1.6082,0
USA,40.82,-71.02,333287557,0.4736,0
USA,40.2,-70.5,333287557,1.0907,0
USA,40.2,-70.5,333287557,1.0907,0
USA,40.37,-68.75,333287557,1.5016,0
USA,40.37,-68.75,333287557,1.5016,0
USA,40.97,-68.65,333287557,1.343,0
USA,42.33,-70.78,333287557,0.0696,0
USA,41.7,-69.55,333287557,0.3847,0
USA,41.1,-68.92,333287557,1.0525,0
USA,41.1,-68.92,333287557,1.0525,0
USA,40.95,-70.63,333287557,0.344,0
USA,40.3,-70.18,333287557,0.9454,0
USA,40.42,-67.55,333287557,2.5553,0
USA,25.01,-83.51,333287557,1.4266,0
USA,25.37,-82.42,333287557,0.8222,0
USA,41.77,-69.75,333287557,0.1834,0
USA,41.72,-69.73,333287557,0.2036,0
USA,41.28,-68.82,333287557,1.1378,0
USA,41.28,-68.82,333287557,1.1378,0
USA,43.28,-70.03,333287557,0.3311,0
USA,41.47,-70.52,333287557,0.0304,0
USA,41.47,-70.52,333287557,0.0304,0
USA,41.18,-70.87,333287557,0.0849,0
USA,41.18,-70.87,333287557,0.0849,0
USA,40.93,-70.42,333287557,0.398,0
USA,41.57,-69.4,333287557,0.5489,0
USA,41.57,-69.4,333287557,0.5489,0
USA,41.54,-70.73,333287557,0.0277,0
USA,41.54,-70.73,333287557,0.0277,0
USA,41.52,-70.81,333287557,0.0499,0
USA,42.06,-70.3,333287557,0.0532,0
USA,42.33,-70.43,333287557,0.3097,0
USA,42.07,-70.52,333287557,0.0878,0
USA,41.25,-71.25,333287557,0.2228,0
USA,41.03,-71.07,333287557,0.3285,0
USA,41.03,-71.07,333287557,0.3285,0
USA,40.62,-71.52,333287557,0.5317,0
USA,40.62,-71.52,333287557,0.5317,0
USA,40.67,-71.23,333287557,0.5781,0
USA,40.02,-71.3,333287557,1.1591,0
USA,40.02,-71.3,333287557,1.1591,0
USA,38.38,-69.28,333287557,2.9488,0
USA,38.38,-69.28,333287557,2.9488,0
USA,25.55,-79.4,333287557,0.1114,0
USA,26.03,-79.58,333287557,0.4052,0
USA,26.03,-79.58,333287557,0.4052,0
USA,27.37,-79.79,333287557,0.4147,0
USA,27.37,-79.79,333287557,0.4147,0
USA,40.25,-70.23,333287557,1.0006,0
USA,40.25,-70.23,333287557,1.0006,0
USA,40.33,-70.98,333287557,0.9335,0
USA,41.5,-70.63,333287557,0.032,0
USA,41.5,-70.63,333287557,0.032,0
USA,40.57,-70.6,333287557,0.7075,0
USA,40.12,-70.5,333287557,1.1677,0
USA,39.65,-69.13,333287557,1.8053,0
USA,39.65,-69.13,333287557,1.8053,0
USA,39.63,-68.85,333287557,1.9674,0
USA,40.98,-68.53,333287557,1.4581,0
USA,41.9,-68.55,333287557,1.3761,0
USA,27.2,-79.5,333287557,0.6186,0
USA,27.2,-79.5,333287557,0.6186,0
USA,31.08,-67.97,333287557,3.3091,0
USA,32.2,-64.8,333287557,0.0563,0
USA,33.65,-65.63,333287557,1.5397,0
USA,34.57,-66.8,333287557,2.9691,0
USA,40.13,-69.95,333287557,1.1104,0
USA,40.13,-69.95,333287557,1.1104,0
USA,38.85,-69.58,333287557,2.4261,0
USA,27.2,-82.8,333287557,0.2343,0
USA,24.72,-80.48,333287557,0.249,0
USA,26.7,-79.68,333287557,0.3542,0
USA,26.7,-79.68,333287557,0.3542,0
USA,29.05,-80.15,333287557,0.6219,0
USA,30.8,-79.85,333287557,1.4897,0
USA,30.8,-79.85,333287557,1.4897,0
USA,31.82,-79.12,333287557,1.1586,0
USA,31.82,-79.12,333287557,1.1586,0
USA,31.97,-75.12,333287557,2.9748,0
USA,31.38,-72.2,333287557,5.0979,0
USA,43.72,-68.73,333287557,0.2997,0
USA,39.7,-69.75,333287557,1.5596,0
USA,39.7,-69.75,333287557,1.5596,0
USA,39.62,-68.58,333287557,2.1399,0
USA,39.62,-68.58,333287557,2.1399,0
USA,40.82,-68.98,333287557,1.0765,0
USA,40.82,-68.98,333287557,1.0765,0
USA,41.92,-70.45,333287557,0.0808,0
USA,40.1,-70.16,333287557,1.1435,0
USA,40.1,-70.16,333287557,1.1435,0
USA,38.32,-69.29,333287557,3.0046,0
USA,38.32,-69.29,333287557,3.0046,0
USA,37.48,-67.43,333287557,4.5438,0
USA,35.43,-65.5,333287557,3.151,0
USA,25.03,-82.92,333287557,0.8892,0
USA,28.6,-79.03,333287557,1.5036,0
USA,24.1,-80.57,333287557,0.7469,0
USA,24.1,-80.57,333287557,0.7469,0
USA,24.5,-80.43,333287557,0.4592,0
USA,40.28,-69.47,333287557,1.0895,0
USA,39.4,-69.22,333287557,1.9947,0
USA,41.43,-69.2,333287557,0.7733,0
USA,42.29,-70.3,333287557,0.221,0
USA,40.95,-70.61,333287557,0.3544,0
USA,40.16,-69.41,333287557,1.2237,0
USA,39.61,-68.76,333287557,2.0359,0
USA,37.23,-66.62,333287557,5.217,0
USA,28,-80.02,333287557,0.4378,0
USA,28,-80.02,333287557,0.4378,0
USA,24.27,-80.94,333287557,0.4414,0
USA,24.13,-80.72,333287557,0.6638,0
USA,24.35,-80.52,333287557,0.5395,0
USA,24.25,-80.32,333287557,0.728,0
USA,25.42,-79.7,333287557,0.434,0
USA,40.65,-70.8,333287557,0.5981,0
USA,40.35,-70.67,333287557,0.9077,0
USA,39.45,-70.12,333287557,1.792,0
USA,39.68,-69.25,333287557,1.7255,0
USA,42.43,-70.05,333287557,0.362,0
USA,41.1,-70.78,333287557,0.1497,0
USA,40.9,-70.75,333287557,0.3519,0
USA,40.3,-70.13,333287557,0.9424,0
USA,40.32,-69.42,333287557,1.0785,0
USA,39.88,-68.63,333287557,1.914,0
USA,40.53,-68.68,333287557,1.4746,0
USA,41.37,-70.8,333287557,0.0158,0
USA,41.42,-70.77,333287557,0.0352,0
USA,41.45,-70.73,333287557,0.033,0
USA,41.12,-70.49,333287557,0.2415,0
USA,40.82,-70.11,333287557,0.422,0
USA,40.7,-69.31,333287557,0.8566,0
USA,40.91,-68.8,333287557,1.2142,0
USA,41.7,-68.91,333287557,1.0233,0
USA,42.56,-70.24,333287557,0.3647,0
USA,42.01,-68.12,333287557,1.8128,0
USA,43.97,-67.96,333287557,0.3722,0
USA,40.35,-70.39,333287557,0.9319,0
USA,39.93,-69.93,333287557,1.3112,0
USA,38.71,-69.46,333287557,2.5865,0
USA,37.79,-68.37,333287557,3.8103,0
USA,36.97,-67.48,333287557,4.9497,0
USA,26.93,-79.75,333287557,0.3094,0
USA,28.06,-79.61,333287557,0.8327,0
USA,29.95,-80.23,333287557,1.0111,0
USA,31.61,-70.95,333287557,5.8429,0
USA,31.44,-70.95,333287557,5.9501,0
USA,31.19,-70.34,333287557,5.5624,0
USA,42.04,-68.78,333287557,1.1623,0
USA,42.01,-67.91,333287557,2.022,0
USA,43.99,-67.76,333287557,0.4313,0
USA,42.95,-70.47,333287557,0.2386,0
USA,42.92,-70.02,333287557,0.5955,0
USA,42.43,-69.4,333287557,0.7502,0
USA,42.48,-68.77,333287557,1.3211,0
USA,44.04,-68.39,333287557,0.0951,0
USA,44.29,-68.3,333287557,0.0114,0
USA,24.67,-79.56,333287557,0.9083,0
USA,25.04,-79.43,333287557,0.5161,0
USA,26.73,-79.83,333287557,0.2051,0
USA,30.93,-73.48,333287557,4.7639,0
USA,41.9,-70.52,333287557,0.0086,0
USA,42.3,-70.07,333287557,0.231,0
USA,42.16,-69.69,333287557,0.3577,0
USA,41.97,-69.3,333287557,0.6384,0
USA,41.45,-68.67,333287557,1.2885,0
USA,41.34,-68.39,333287557,1.5691,0
USA,40.12,-68.81,333287557,1.617,0
USA,39.91,-69.04,333287557,1.629,0
USA,40.23,-70.14,333287557,1.0127,0
USA,41.11,-71.06,333287557,0.2709,0
USA,41.32,-70.9,333287557,0.06,0
USA,40.25,-71.18,333287557,0.9746,0
USA,39.16,-72.47,333287557,1.6143,0
USA,38.51,-72.17,333287557,2.2877,0
USA,24.91,-82.62,333287557,0.5706,0
USA,25.01,-80.01,333287557,0.382,0
USA,27.43,-79.8,333287557,0.4285,0
USA,27.85,-79.3,333287557,1.0515,0
USA,24.76,-80.24,333287557,0.3737,0
USA,31.09,-74.71,333287557,3.9444,0
USA,31.92,-64.41,333287557,0.4935,0
USA,31.42,-64.08,333287557,1.0926,0
USA,30.86,-64.83,333287557,1.3881,0
USA,31.01,-78.76,333287557,2.0216,0
USA,31.01,-78.76,333287557,2.0216,0
USA,40.91,-70.25,333287557,0.3553,0
USA,40.78,-69.15,333287557,0.9424,0
USA,39.99,-67.57,333287557,2.7079,0
USA,39.4,-68.14,333287557,2.5998,0
USA,38.7,-67.34,333287557,3.6608,0
USA,38.56,-66.97,333287557,4.0269,0
USA,32.2,-65.57,333287557,0.689,0
USA,32.04,-65.17,333287557,0.3656,0
USA,33.28,-65.15,333287557,1.0095,0
USA,39.89,-69.25,333287557,1.537,0
USA,40.23,-70.38,333287557,1.0456,0
USA,41.85,-70.39,333287557,0.1039,0
USA,42.29,-70.23,333287557,0.2059,0
USA,42.49,-69.48,333287557,0.7255,0
USA,42.32,-69.02,333287557,1.025,0
USA,41,-70.81,333287557,0.248,0
USA,40.26,-70.26,333287557,0.9947,0
USA,39.95,-69.02,333287557,1.608,0
USA,30.9,-64.02,333287557,1.5661,0
USA,32.49,-63.94,333287557,0.718,0
USA,39.53,-68.68,333287557,2.1479,0
USA,42.13,-69.24,333287557,0.7443,0
USA,41.83,-70.23,333287557,0.0915,0
USA,41.84,-70.25,333287557,0.1066,0
USA,41.88,-70.34,333287557,0.1389,0
USA,42.13,-70.23,333287557,0.0475,0
USA,42.14,-70.23,333287557,0.0572,0
USA,42.16,-70.24,333287557,0.0791,0
USA,42.17,-70.25,333287557,0.0916,0
USA,42.21,-70.25,333287557,0.1299,0
USA,42.23,-70.24,333287557,0.1474,0
USA,42.33,-70.38,333287557,0.2913,0
USA,42.35,-70.39,333287557,0.3136,0
USA,42.38,-70.4,333287557,0.3218,0
USA,42.41,-70.42,333287557,0.2859,0
USA,42.43,-70.43,333287557,0.264,0
USA,42.45,-70.45,333287557,0.2359,0
USA,42.47,-70.46,333287557,0.2141,0
USA,41.17,-70.76,333287557,0.0885,0
USA,41.02,-70.72,333287557,0.2423,0
USA,40.77,-70.82,333287557,0.4781,0
USA,40.73,-69.88,333287557,0.5235,0
USA,41.61,-69,333287557,0.9407,0
USA,42.31,-69.58,333287557,0.534,0
USA,42.95,-69.41,333287557,0.8572,0
USA,42.66,-69.58,333287557,0.7789,0
USA,41.12,-68.97,333287557,1,0
USA,42.4,-70.2,333287557,0.314,0
USA,42.39,-69.75,333287557,0.4619,0
USA,40.96,-68.8,333287557,1.2,0
USA,41.29,-71.13,333287557,0.1873,0
USA,41.27,-71.1,333287557,0.2091,0
USA,41.3,-70.99,333287557,0.1214,0
USA,43.67,-67.97,333287557,0.6352,0
USA,44.44,-67.5,333287557,0.0696,0
USA,41.37,-69.59,333287557,0.3796,0
USA,41.2,-68.6,333287557,1.3599,0
USA,24.49,-80.79,333287557,0.3083,0
USA,24.78,-79.59,333287557,0.8166,0
USA,25.68,-79.67,333287557,0.3664,0
USA,26.08,-79.48,333287557,0.378,0
USA,24.56,-80.26,333287557,0.5038,0
USA,25.6,-79.93,333287557,0.2417,0
USA,26.75,-79.78,333287557,0.2569,0
USA,29.16,-78.63,333287557,2.0189,0
USA,40.64,-71.23,333287557,0.6033,0
USA,39.81,-70.76,333287557,1.4387,0
USA,40.18,-70.73,333287557,1.0705,0
USA,40.3,-70.71,333287557,0.9525,0
USA,41.02,-71.33,333287557,0.2558,0
USA,40.35,-69.23,333287557,1.1629,0
USA,40.64,-69.15,333287557,1.0194,0
USA,41.05,-68.95,333287557,1.0327,0
USA,42.37,-70.44,333287557,0.3076,0
USA,43.06,-70.41,333287557,0.2152,0
USA,42.5,-69.59,333287557,0.6515,0
USA,42.03,-69.14,333287557,0.8078,0
USA,40.47,-67.71,333287557,2.3878,0
USA,40.66,-68.38,333287557,1.6931,0
USA,40.08,-70.73,333287557,1.1703,0
USA,39.52,-69.97,333287557,1.7195,0
USA,38.35,-67.92,333287557,3.5493,0
USA,37.78,-66.74,333287557,4.7383,0
USA,24.39,-82.04,333287557,0.1816,0
USA,24.42,-81.7,333287557,0.1386,0
USA,24.67,-80.52,333287557,0.2669,0
USA,24.71,-80.31,333287557,0.3586,0
USA,24.91,-79.63,333287557,0.7188,0
USA,25.14,-80.08,333287557,0.255,0
USA,26.72,-79.85,333287557,0.1846,0
USA,29.07,-79.8,333287557,0.9226,0
USA,32.6,-75.14,333287557,2.427,0
USA,41.89,-70.39,333287557,0.1356,0
USA,42.53,-69.77,333287557,0.5648,0
USA,43.21,-69.16,333287557,0.7177,0
USA,42.91,-70.24,333287557,0.4339,0
USA,42.41,-69.72,333287557,0.4967,0
USA,40.01,-69.08,333287557,1.5242,0
USA,40.98,-68.55,333287557,1.4385,0
USA,41.9,-69.03,333287557,0.8968,0
USA,42.65,-69.55,333287557,0.7896,0
USA,42.43,-69.91,333287557,0.4092,0
USA,42.16,-70.33,333287557,0.1252,0
USA,42.13,-70.44,333287557,0.1877,0
USA,40.78,-70.39,333287557,0.5265,0
USA,40.89,-70.33,333287557,0.4023,0
USA,40.83,-68.56,333287557,1.4671,0
USA,41.16,-68.92,333287557,1.0442,0
USA,41.74,-69.25,333287557,0.6818,0
USA,43.25,-69.42,333287557,0.5838,0
USA,43.44,-69.06,333287557,0.5227,0
USA,39.71,-67.97,333287557,2.5216,0
USA,39.71,-67.97,333287557,2.5216,0
USA,39.71,-67.97,333287557,2.5216,0
USA,39.71,-67.97,333287557,2.5216,0
USA,24.78,-79.72,333287557,0.7453,0
USA,26.48,-79.63,333287557,0.4156,0
USA,29.97,-80.97,333287557,0.3142,0
USA,30.46,-80.76,333287557,0.6339,0
USA,31.18,-73.25,333287557,4.6573,0
USA,31.17,-72.31,333287557,5.19,0
USA,32.04,-67.26,333287557,2.3864,0
USA,31.99,-66.03,333287557,1.1808,0
USA,32.18,-64.7,333287557,0.1202,0
USA,32.36,-64.12,333287557,0.5277,0
USA,42.34,-70.31,333287557,0.2716,0
USA,40.62,-71.16,333287557,0.6591,0
USA,40.26,-70.31,333287557,1.0021,0
USA,40.37,-70.44,333287557,0.9278,0
USA,41.38,-71.2,333287557,0.0898,0
USA,42.42,-70.09,333287557,0.3437,0
USA,40.66,-70.96,333287557,0.6064,0
USA,40.48,-70.94,333287557,0.7788,0
USA,40.27,-70.24,333287557,0.9821,0
USA,40.36,-69.22,333287557,1.1616,0
USA,41.27,-69.05,333287557,0.9078,0
USA,41.79,-69.43,333287557,0.497,0
USA,40.66,-69.97,333287557,0.5801,0
USA,42.09,-68.54,333287557,1.4074,0
USA,42.71,-69.81,333287557,0.7058,0
USA,25.39,-79.85,333287557,0.3508,0
USA,25.41,-79.82,333287557,0.3759,0
USA,26.05,-79.93,333287557,0.1835,0
USA,37.56,-73.79,333287557,1.4939,0
USA,37.97,-73.12,333287557,1.8934,0
USA,38.38,-72.59,333287557,2.0169,0
USA,39.93,-70.85,333287557,1.3186,0
USA,40.7,-70.26,333287557,0.5606,0
USA,41.55,-70.32,333287557,0.0768,0
USA,40.02,-68.95,333287557,1.5957,0
USA,40.42,-68.56,333287557,1.6334,0
USA,40.95,-68.43,333287557,1.5621,0
USA,41.84,-69.26,333287557,0.6647,0
USA,42.19,-69.81,333287557,0.2795,0
USA,42.74,-70.3,333287557,0.3073,0
USA,42.69,-69.17,333287557,1.0908,0
USA,42.41,-70.32,333287557,0.3416,0
USA,40.82,-70.34,333287557,0.4713,0
USA,40.85,-68.65,333287557,1.3753,0
USA,42.17,-69.48,333287557,0.5468,0
USA,42.37,-69.4,333287557,0.7157,0
USA,41.29,-70.98,333287557,0.128,0
USA,40.94,-70.49,333287557,0.4205,0
USA,41.01,-69,333287557,0.9939,0
USA,41.71,-69.39,333287557,0.5434,0
USA,42.38,-70.01,333287557,0.3246,0
USA,42.44,-69.99,333287557,0.3879,0
USA,42.41,-70.4,333287557,0.2987,0
USA,40.78,-70.55,333287557,0.5315,0
USA,40.15,-70.12,333287557,1.0921,0
USA,41.88,-70.44,333287557,0.0847,0
USA,42.93,-69.65,333287557,0.7887,0
USA,43.2,-69.34,333287557,0.658,0
USA,43.46,-68.68,333287557,0.551,0
USA,43.75,-68.43,333287557,0.3264,0
USA,39.88,-69.7,333287557,1.3922,0
USA,40.03,-69.14,333287557,1.4735,0
USA,39.64,-68.21,333287557,2.3828,0
USA,24.37,-81.67,333287557,0.1943,0
USA,24.59,-80.45,333287557,0.3713,0
USA,25.89,-79.64,333287557,0.3789,0
USA,24.44,-80.23,333287557,0.618,0
USA,25.31,-79.98,333287557,0.2568,0
USA,32.28,-65.56,333287557,0.674,0
USA,34.05,-65.32,333287557,1.7818,0
USA,39.84,-71.12,333287557,1.3804,0
USA,41.35,-69.18,333287557,0.7813,0
USA,42.41,-70.15,333287557,0.3267,0
USA,42.93,-69.99,333287557,0.6062,0
USA,42.85,-69.61,333287557,0.8759,0
USA,42.31,-68.32,333287557,1.6726,0
USA,42.21,-70.19,333287557,0.124,0
USA,41.04,-70.54,333287557,0.3188,0
USA,40.74,-70.52,333287557,0.581,0
USA,42.23,-69.37,333287557,0.6717,0
USA,42.53,-70.51,333287557,0.136,0
USA,43.68,-67.7,333287557,0.7418,0
USA,43.98,-67.98,333287557,0.3575,0
USA,38.89,-67.7,333287557,3.2722,0
USA,38.02,-66.8,333287557,4.5233,0
USA,25.18,-83.96,333287557,1.9069,0
USA,25.14,-83.73,333287557,1.6761,0
USA,24.85,-80.41,333287557,0.1896,0
USA,27.66,-79.96,333287557,0.3692,0
USA,28.38,-79.74,333287557,0.7936,0
USA,25.71,-79.83,333287557,0.3058,0
USA,27.21,-79.7,333287557,0.44,0
USA,36.44,-75.5,333287557,0.3125,0
USA,39.25,-74,333287557,0.3701,0
USA,40.29,-73.41,333287557,0.3142,0
USA,40,-72.69,333287557,0.7471,0
USA,39.6,-70.47,333287557,1.6803,0
USA,40.69,-70.71,333287557,0.5656,0
USA,39.97,-71.05,333287557,1.2831,0
USA,40.04,-71.21,333287557,1.1626,0
USA,39.17,-70.52,333287557,2.0971,0
USA,38.97,-70.6,333287557,2.287,0
USA,41.45,-69.13,333287557,0.8394,0
USA,41.59,-69.16,333287557,0.7834,0
USA,42.27,-69.29,333287557,0.761,0
USA,42.72,-69.59,333287557,0.8218,0
USA,42.32,-69.08,333287557,0.9725,0
USA,41.91,-68.52,333287557,1.4065,0
USA,42.83,-69.38,333287557,0.9771,0
USA,43.14,-69.63,333287557,0.5924,0
USA,42.61,-69.78,333287557,0.6285,0
USA,40.66,-70.47,333287557,0.6672,0
USA,41.83,-69.25,333287557,0.6747,0
USA,42.1,-69.24,333287557,0.7331,0
USA,41.04,-70.54,333287557,0.3188,0
USA,39.6,-71.12,333287557,1.6103,0
USA,41.1,-71.36,333287557,0.1949,0
USA,40.78,-70.85,333287557,0.4697,0
USA,39.94,-71.2,333287557,1.2613,0
USA,39.36,-71.12,333287557,1.8427,0
USA,39.69,-72.06,333287557,1.2223,0
USA,39.59,-71.97,333287557,1.3449,0
USA,41.36,-71.19,333287557,0.1088,0
USA,41.17,-70.83,333287557,0.0803,0
USA,41.15,-70.51,333287557,0.2096,0
USA,40.03,-71.06,333287557,1.224,0
USA,-8.67,-130.27,333287557,8.5426,0
USA,-12.69,-142.3,333287557,1.8324,0
USA,-11.66,-141.92,333287557,2.6029,0
USA,-11.69,-141.93,333287557,2.5768,0
USA,-11.54,-141.73,333287557,2.6532,0
USA,-11.69,-141.02,333287557,2.4266,0
USA,-11.77,-141.04,333287557,2.4012,0
USA,-10.89,-140.58,333287557,1.5225,0
USA,-10.06,-140.59,333287557,0.785,0
USA,-9.32,-140.27,333287557,0.1229,0
USA,-8.66,-140.07,333287557,0.1358,0
USA,-8.39,-140.52,333287557,0.3975,0
USA,-8.09,-140.68,333287557,0.0575,0
USA,-8.01,-140.75,333287557,0.0225,0
USA,-7.9,-140.71,333287557,0.0601,0
USA,-4.84,-141.21,333287557,3.1561,0
USA,-4.02,-141.39,333287557,3.995,0
USA,-2.89,-141.53,333287557,5.1322,0
USA,-0.99,-141.84,333287557,7.0573,0
USA,0.49,-141.9,333287557,8.5288,0
USA,1.09,-142.01,333287557,9.1384,0
USA,1.7,-142.15,333287557,9.7625,0
USA,1.83,-142.29,333287557,9.9129,0
USA,2.21,-142.56,333287557,10.3338,0
USA,2.79,-143,333287557,10.9893,0
USA,3.14,-143.71,333287557,11.4984,0
USA,3.85,-143.98,333287557,12.2547,0
USA,3.83,-143.98,333287557,12.2355,0
USA,3.8,-144,333287557,12.212,0
USA,3.78,-144.02,333287557,12.1982,0
USA,4.99,-144.4,333287557,13.1828,0
USA,6.02,-144.89,333287557,13.0088,0
USA,12.33,-149.8,333287557,8.7132,0
USA,16.14,-157.92,333287557,3.5378,0
USA,10.28,-160.52,333287557,4.2644,0
USA,6.98,-160.98,333287557,1.5036,0
USA,6.06,-161.56,333287557,0.5283,0
USA,7.78,-163.92,333287557,2.0228,0
USA,8.89,-164.73,333287557,3.3772,0
USA,9.54,-165.26,333287557,4.2139,0
USA,11.8,-166.41,333287557,5.8321,0
USA,14.18,-167.24,333287557,3.4239,0
USA,14.98,-167.65,333287557,2.5644,0
USA,16.03,-168.18,333287557,1.5121,0
USA,16.39,-169.05,333287557,0.5828,0
USA,19.17,-171.16,333287557,2.9083,0
USA,48.2,-122.92,333287557,0.0958,0
USA,56.61,-134.58,333287557,0.0286,0
USA,57.46,-133.77,333287557,0.07,0
USA,57.14,-134.05,333287557,0.0889,0
USA,57.51,-135.18,333287557,0.0073,0
USA,57.3,-136.21,333287557,0.2941,0
USA,57.22,-136.23,333287557,0.3689,0
USA,56.88,-136.1,333287557,0.2811,0
USA,56.54,-135.15,333287557,0.0737,0
USA,47.9,-125.07,333287557,0.4072,0
USA,46.61,-124.6,333287557,0.5219,0
USA,43.72,-125.65,333287557,1.3142,0
USA,42.49,-125.82,333287557,1.2996,0
USA,39.25,-124.02,333287557,0.218,0
USA,38.53,-123.66,333287557,0.2562,0
USA,37.64,-122.54,333287557,0.0444,0
USA,37.3,-122.58,333287557,0.1685,0
USA,36.19,-122.14,333287557,0.2662,0
USA,35.25,-122.24,333287557,1.0044,0
USA,33.97,-119.39,333287557,0.1464,0
USA,32.91,-118.48,333287557,0.0094,0
USA,32.99,-118.74,333287557,0.134,0
USA,30.78,-122.45,333287557,3.7948,0
USA,30.28,-121.22,333287557,3.0769,0
USA,20.49,-157.42,333287557,0.5139,0
USA,15.36,-152.9,333287557,4.4911,0
USA,14.62,-152.27,333287557,5.4431,0
USA,13.88,-151.63,333287557,6.4063,0
USA,13.06,-150.87,333287557,7.506,0
USA,12.25,-150.21,333287557,8.5459,0
USA,11.51,-149.63,333287557,9.4839,0
USA,8.14,-147.81,333287557,11.3262,0
USA,7.16,-147.02,333287557,11.5082,0
USA,5.04,-144.77,333287557,12.8371,0
USA,4.28,-143.82,333287557,12.6285,0
USA,3.74,-143.46,333287557,12.0177,0
USA,-8.99,-140,333287557,0.0955,0
USA,-9.05,-139.91,333287557,0.1884,0
USA,-8.26,-140.03,333287557,0.529,0
USA,-7.67,-140.09,333287557,0.6202,0
USA,-5.77,-140.77,333287557,2.1823,0
USA,-9.57,-142.77,333287557,2.559,0
USA,-10.42,-143.09,333287557,3.1132,0
USA,-11.28,-143.47,333287557,3.4332,0
USA,-12.14,-143.99,333287557,2.4382,0
USA,-12.74,-144.31,333287557,1.7643,0
USA,-13.64,-144.69,333287557,0.7924,0
USA,-14.12,-144.53,333287557,0.4554,0
USA,-13.54,-143.12,333287557,1.9638,0
USA,-13.21,-141.2,333287557,0.9551,0
USA,-13.31,-141.14,333287557,0.8581,0
USA,-13.39,-141.11,333287557,0.7818,0
USA,-12.94,-139.58,333287557,2.0259,0
USA,-5.83,-141.63,333287557,2.3245,0
USA,-5.67,-141.69,333287557,2.4951,0
USA,-5.63,-141.71,333287557,2.5398,0
USA,-3.99,-142.07,333287557,4.1993,0
USA,-1.38,-142.77,333287557,6.8966,0
USA,2.98,-143.47,333287557,11.2823,0
USA,4.86,-143.41,333287557,13.0992,0
USA,9.43,-146.5,333287557,13.0305,0
USA,9.55,-146.63,333287557,12.855,0
USA,9.53,-146.64,333287557,12.864,0
USA,10.68,-147.77,333287557,11.2579,0
USA,12.49,-148.94,333287557,9.1185,0
USA,19.13,-154.67,333287557,0.3492,0
USA,19.15,-154.81,333287557,0.2559,0
USA,19.2,-154.86,333287557,0.1853,0
USA,20.4,-156.47,333287557,0.1356,0
USA,19.8,-156.16,333287557,0.1171,0
USA,18.83,-156.55,333287557,0.689,0
USA,16.62,-157.58,333287557,2.9496,0
USA,14.13,-158.31,333287557,5.4549,0
USA,12.09,-159.15,333287557,6.5063,0
USA,9.68,-159.94,333287557,4.0551,0
USA,7.66,-160.37,333287557,2.3531,0
USA,5.97,-162,333287557,0.1028,0
USA,6.35,-162.49,333287557,0.1204,0
USA,25.06,-156.94,333287557,3.5056,0
USA,25.92,-156.96,333287557,4.3303,0
USA,27.25,-156.77,333287557,5.6541,0
USA,41.11,-145.74,333287557,17.4474,0
USA,33.38,-156.38,333287557,11.5464,0
USA,33.09,-156.27,333287557,11.2967,0
USA,32.35,-155.1,333287557,10.9859,0
USA,33.02,-152.9,333287557,12.3951,0
USA,33.56,-152.27,333287557,13.1503,0
USA,33.47,-151.63,333287557,13.3163,0
USA,33.35,-150.87,333287557,13.5169,0
USA,32.76,-150.21,333287557,13.2692,0
USA,33.1,-149.63,333287557,13.8405,0
USA,33.06,-148.13,333287557,14.5692,0
USA,32.84,-147.81,333287557,14.5621,0
USA,33.08,-147.02,333287557,15.2138,0
USA,32.37,-146.51,333287557,14.9649,0
USA,31.72,-144.77,333287557,15.6649,0
USA,31.54,-143.82,333287557,16.2223,0
USA,31.06,-143.46,333287557,16.1393,0
USA,29.98,-140,333287557,18.1396,0
USA,29.37,-139.91,333287557,17.8701,0
USA,28.72,-140.03,333287557,17.4185,0
USA,28.54,-140.09,333287557,17.2729,0
USA,28.41,-140.21,333287557,17.1028,0
USA,28.04,-140.48,333287557,16.6809,0
USA,27.84,-140.77,333287557,16.3294,0
USA,27.33,-142.18,333287557,14.8588,0
USA,26.6,-142.77,333287557,13.9768,0
USA,25.68,-143.09,333287557,13.2501,0
USA,24.59,-143.47,333287557,12.431,0
USA,24.28,-143.99,333287557,11.8299,0
USA,23.65,-149.74,333287557,6.5464,0
USA,24.52,-148.47,333287557,8.0818,0
USA,24.37,-147.78,333287557,8.5491,0
USA,25.28,-147,333287557,9.7122,0
USA,25.94,-146.58,333287557,10.4454,0
USA,26.14,-143.12,333287557,13.4439,0
USA,26.05,-141.2,333287557,15.1049,0
USA,25.69,-141.14,333287557,15.0072,0
USA,25.35,-141.11,333287557,14.8979,0
USA,24.73,-139.58,333287557,16.1047,0
USA,24.03,-138.44,333287557,16.9874,0
USA,22.11,-141.71,333287557,13.3602,0
USA,18.97,-143.47,333287557,11.3567,0
USA,19.24,-143.41,333287557,11.4072,0
USA,19.51,-144.23,333287557,10.5841,0
USA,19.62,-146.5,333287557,8.3148,0
USA,19.73,-146.63,333287557,8.1871,0
USA,19.96,-146.64,333287557,8.1866,0
USA,20.15,-147.77,333287557,7.0734,0
USA,20.6,-154.81,333287557,0.744,0
USA,20.57,-154.86,333287557,0.6923,0
USA,20.61,-155,333287557,0.654,0
USA,20.27,-156.47,333287557,0.2544,0
USA,18.46,-157.58,333287557,1.7835,0
USA,15.94,-162.49,333287557,6.269,0
USA,14.71,-157.43,333287557,4.5484,0
USA,12.52,-156.96,333287557,6.5142,0
USA,11.09,-156.77,333287557,7.2874,0
USA,10.33,-156.71,333287557,6.7084,0
USA,9.55,-155.93,333287557,6.5716,0
USA,7.43,-149.9,333287557,9.2026,0
USA,6.84,-149.44,333287557,9.2534,0
USA,6.42,-148.97,333287557,9.4428,0
USA,5.79,-147.72,333287557,10.2845,0
USA,5.28,-146.64,333287557,11.1136,0
USA,4.41,-145.74,333287557,11.7436,0
USA,3.48,-143.62,333287557,11.8039,0
USA,2.89,-137.24,333287557,11.3695,0
USA,2.19,-135.73,333287557,11.2743,0
USA,40.68,-128.9,333287557,4.497,0
USA,40.58,-157.79,333287557,14.2824,0
USA,40.38,-157.49,333287557,14.5203,0
USA,40.16,-157.42,333287557,14.7481,0
USA,39.9,-157.2,333287557,15.0382,0
USA,33.26,-156.98,333287557,11.2869,0
USA,33.1,-156.49,333287557,11.2474,0
USA,33.38,-156.38,333287557,11.5464,0
USA,33.09,-156.27,333287557,11.2967,0
USA,32.35,-155.1,333287557,10.9859,0
USA,33.02,-152.9,333287557,12.3951,0
USA,33.56,-152.27,333287557,13.1503,0
USA,33.47,-151.63,333287557,13.3163,0
USA,33.35,-150.87,333287557,13.5169,0
USA,32.76,-150.21,333287557,13.2692,0
USA,33.1,-149.63,333287557,13.8405,0
USA,32.84,-147.81,333287557,14.5621,0
USA,33.08,-147.02,333287557,15.2138,0
USA,32.37,-146.51,333287557,14.9649,0
USA,31.72,-144.77,333287557,15.6649,0
USA,31.54,-143.82,333287557,16.2223,0
USA,31.06,-143.46,333287557,16.1393,0
USA,29.37,-139.91,333287557,17.8701,0
USA,28.54,-140.09,333287557,17.2729,0
USA,28.04,-140.48,333287557,16.6809,0
USA,27.33,-142.18,333287557,14.8588,0
USA,26.6,-142.77,333287557,13.9768,0
USA,25.68,-143.09,333287557,13.2501,0
USA,24.59,-143.47,333287557,12.431,0
USA,24.28,-143.99,333287557,11.8299,0
USA,23.35,-144.31,333287557,11.1851,0
USA,23.15,-144.69,333287557,10.7597,0
USA,22.99,-148.78,333287557,6.9667,0
USA,23.65,-149.74,333287557,6.5464,0
USA,24.21,-149.32,333287557,7.2235,0
USA,24.52,-148.47,333287557,8.0818,0
USA,24.37,-147.78,333287557,8.5491,0
USA,25.28,-147,333287557,9.7122,0
USA,25.94,-146.58,333287557,10.4454,0
USA,24.73,-139.58,333287557,16.1047,0
USA,24.03,-138.44,333287557,16.9874,0
USA,23.52,-141.63,333287557,13.7814,0
USA,22.76,-141.69,333287557,13.5213,0
USA,22.11,-141.71,333287557,13.3602,0
USA,21.42,-142.07,333287557,12.8869,0
USA,21.15,-142.77,333287557,12.1557,0
USA,19.8,-143.03,333287557,11.7877,0
USA,18.97,-143.47,333287557,11.3567,0
USA,19.24,-143.41,333287557,11.4072,0
USA,19.43,-145.47,333287557,9.3444,0
USA,19.62,-146.5,333287557,8.3148,0
USA,19.73,-146.63,333287557,8.1871,0
USA,19.96,-146.64,333287557,8.1866,0
USA,20.15,-147.77,333287557,7.0734,0
USA,20.14,-148.94,333287557,5.9081,0
USA,20.35,-154.67,333287557,0.6358,0
USA,20.27,-156.47,333287557,0.2544,0
USA,19.95,-156.16,333287557,0.2057,0
USA,16.88,-159.15,333287557,3.9145,0
USA,16.36,-159.94,333287557,4.8603,0
USA,16.13,-162,333287557,5.9266,0
USA,15.94,-162.49,333287557,6.269,0
USA,12.95,-156.94,333287557,6.089,0
USA,10.33,-156.71,333287557,6.7084,0
USA,8.38,-151.97,333287557,8.3406,0
USA,7.43,-149.9,333287557,9.2026,0
USA,6.84,-149.44,333287557,9.2534,0
USA,6.42,-148.97,333287557,9.4428,0
USA,5.79,-147.72,333287557,10.2845,0
USA,40.16,-157.42,333287557,14.7481,0
USA,39.9,-157.2,333287557,15.0382,0
USA,33.26,-156.98,333287557,11.2869,0
USA,33.1,-156.49,333287557,11.2474,0
USA,33.38,-156.38,333287557,11.5464,0
USA,32.35,-155.1,333287557,10.9859,0
USA,33.02,-152.9,333287557,12.3951,0
USA,33.56,-152.27,333287557,13.1503,0
USA,33.35,-150.87,333287557,13.5169,0
USA,32.76,-150.21,333287557,13.2692,0
USA,33.06,-148.13,333287557,14.5692,0
USA,32.84,-147.81,333287557,14.5621,0
USA,33.08,-147.02,333287557,15.2138,0
USA,32.37,-146.51,333287557,14.9649,0
USA,31.72,-144.77,333287557,15.6649,0
USA,31.54,-143.82,333287557,16.2223,0
USA,29.98,-140,333287557,18.1396,0
USA,29.37,-139.91,333287557,17.8701,0
USA,28.72,-140.03,333287557,17.4185,0
USA,28.54,-140.09,333287557,17.2729,0
USA,28.41,-140.21,333287557,17.1028,0
USA,28.04,-140.48,333287557,16.6809,0
USA,26.6,-142.77,333287557,13.9768,0
USA,25.68,-143.09,333287557,13.2501,0
USA,23.35,-144.31,333287557,11.1851,0
USA,23.15,-144.69,333287557,10.7597,0
USA,22.99,-148.78,333287557,6.9667,0
USA,23.65,-149.74,333287557,6.5464,0
USA,24.21,-149.32,333287557,7.2235,0
USA,24.52,-148.47,333287557,8.0818,0
USA,26.14,-143.12,333287557,13.4439,0
USA,25.69,-141.14,333287557,15.0072,0
USA,25.35,-141.11,333287557,14.8979,0
USA,24.73,-139.58,333287557,16.1047,0
USA,24.03,-138.44,333287557,16.9874,0
USA,23.52,-141.63,333287557,13.7814,0
USA,22.76,-141.69,333287557,13.5213,0
USA,22.11,-141.71,333287557,13.3602,0
USA,21.42,-142.07,333287557,12.8869,0
USA,21.15,-142.77,333287557,12.1557,0
USA,19.8,-143.03,333287557,11.7877,0
USA,19.24,-143.41,333287557,11.4072,0
USA,19.51,-144.23,333287557,10.5841,0
USA,19.73,-146.63,333287557,8.1871,0
USA,20.15,-147.77,333287557,7.0734,0
USA,20.14,-148.94,333287557,5.9081,0
USA,20.35,-154.67,333287557,0.6358,0
USA,20.6,-154.81,333287557,0.744,0
USA,20.61,-155,333287557,0.654,0
USA,20.27,-156.47,333287557,0.2544,0
USA,19.95,-156.16,333287557,0.2057,0
USA,19.24,-156.55,333287557,0.6382,0
USA,16.88,-159.15,333287557,3.9145,0
USA,16.28,-160.37,333287557,5.2657,0
USA,15.94,-162.49,333287557,6.269,0
USA,15.25,-157.55,333287557,4.109,0
USA,14.12,-157.12,333287557,4.9996,0
USA,6.84,-149.44,333287557,9.2534,0
USA,6.42,-148.97,333287557,9.4428,0
USA,5.79,-147.72,333287557,10.2845,0
USA,5.28,-146.64,333287557,11.1136,0
USA,4.41,-145.74,333287557,11.7436,0
USA,3.48,-143.62,333287557,11.8039,0
USA,2.19,-135.73,333287557,11.2743,0
USA,40.16,-157.42,333287557,14.7481,0
USA,39.9,-157.2,333287557,15.0382,0
USA,33.26,-156.98,333287557,11.2869,0
USA,33.1,-156.49,333287557,11.2474,0
USA,33.38,-156.38,333287557,11.5464,0
USA,32.35,-155.1,333287557,10.9859,0
USA,33.02,-152.9,333287557,12.3951,0
USA,33.56,-152.27,333287557,13.1503,0
USA,33.35,-150.87,333287557,13.5169,0
USA,32.76,-150.21,333287557,13.2692,0
USA,33.06,-148.13,333287557,14.5692,0
USA,32.84,-147.81,333287557,14.5621,0
USA,33.08,-147.02,333287557,15.2138,0
USA,32.37,-146.51,333287557,14.9649,0
USA,31.72,-144.77,333287557,15.6649,0
USA,31.54,-143.82,333287557,16.2223,0
USA,29.98,-140,333287557,18.1396,0
USA,29.37,-139.91,333287557,17.8701,0
USA,28.72,-140.03,333287557,17.4185,0
USA,28.54,-140.09,333287557,17.2729,0
USA,28.41,-140.21,333287557,17.1028,0
USA,28.04,-140.48,333287557,16.6809,0
USA,26.6,-142.77,333287557,13.9768,0
USA,25.68,-143.09,333287557,13.2501,0
USA,23.35,-144.31,333287557,11.1851,0
USA,23.15,-144.69,333287557,10.7597,0
USA,22.99,-148.78,333287557,6.9667,0
USA,23.65,-149.74,333287557,6.5464,0
USA,24.21,-149.32,333287557,7.2235,0
USA,24.52,-148.47,333287557,8.0818,0
USA,26.14,-143.12,333287557,13.4439,0
USA,25.69,-141.14,333287557,15.0072,0
USA,25.35,-141.11,333287557,14.8979,0
USA,24.73,-139.58,333287557,16.1047,0
USA,24.03,-138.44,333287557,16.9874,0
USA,23.52,-141.63,333287557,13.7814,0
USA,22.76,-141.69,333287557,13.5213,0
USA,22.11,-141.71,333287557,13.3602,0
USA,21.42,-142.07,333287557,12.8869,0
USA,21.15,-142.77,333287557,12.1557,0
USA,19.8,-143.03,333287557,11.7877,0
USA,19.24,-143.41,333287557,11.4072,0
USA,19.51,-144.23,333287557,10.5841,0
USA,19.73,-146.63,333287557,8.1871,0
USA,20.15,-147.77,333287557,7.0734,0
USA,20.14,-148.94,333287557,5.9081,0
USA,20.35,-154.67,333287557,0.6358,0
USA,20.6,-154.81,333287557,0.744,0
USA,20.61,-155,333287557,0.654,0
USA,20.27,-156.47,333287557,0.2544,0
USA,19.95,-156.16,333287557,0.2057,0
USA,19.24,-156.55,333287557,0.6382,0
USA,16.88,-159.15,333287557,3.9145,0
USA,16.28,-160.37,333287557,5.2657,0
USA,15.94,-162.49,333287557,6.269,0
USA,15.25,-157.55,333287557,4.109,0
USA,14.12,-157.12,333287557,4.9996,0
USA,6.84,-149.44,333287557,9.2534,0
USA,6.42,-148.97,333287557,9.4428,0
USA,5.79,-147.72,333287557,10.2845,0
USA,5.28,-146.64,333287557,11.1136,0
USA,4.41,-145.74,333287557,11.7436,0
USA,3.48,-143.62,333287557,11.8039,0
USA,2.19,-135.73,333287557,11.2743,0
USA,40.16,-157.42,333287557,14.7481,0
USA,39.9,-157.2,333287557,15.0382,0
USA,33.26,-156.98,333287557,11.2869,0
USA,33.1,-156.49,333287557,11.2474,0
USA,33.38,-156.38,333287557,11.5464,0
USA,32.35,-155.1,333287557,10.9859,0
USA,33.02,-152.9,333287557,12.3951,0
USA,33.56,-152.27,333287557,13.1503,0
USA,33.35,-150.87,333287557,13.5169,0
USA,32.76,-150.21,333287557,13.2692,0
USA,33.06,-148.13,333287557,14.5692,0
USA,32.84,-147.81,333287557,14.5621,0
USA,33.08,-147.02,333287557,15.2138,0
USA,32.37,-146.51,333287557,14.9649,0
USA,31.72,-144.77,333287557,15.6649,0
USA,31.54,-143.82,333287557,16.2223,0
USA,29.98,-140,333287557,18.1396,0
USA,29.37,-139.91,333287557,17.8701,0
USA,28.72,-140.03,333287557,17.4185,0
USA,28.54,-140.09,333287557,17.2729,0
USA,28.41,-140.21,333287557,17.1028,0
USA,28.04,-140.48,333287557,16.6809,0
USA,26.6,-142.77,333287557,13.9768,0
USA,25.68,-143.09,333287557,13.2501,0
USA,23.35,-144.31,333287557,11.1851,0
USA,23.15,-144.69,333287557,10.7597,0
USA,22.99,-148.78,333287557,6.9667,0
USA,23.65,-149.74,333287557,6.5464,0
USA,24.21,-149.32,333287557,7.2235,0
USA,24.52,-148.47,333287557,8.0818,0
USA,26.14,-143.12,333287557,13.4439,0
USA,25.69,-141.14,333287557,15.0072,0
USA,25.35,-141.11,333287557,14.8979,0
USA,24.73,-139.58,333287557,16.1047,0
USA,24.03,-138.44,333287557,16.9874,0
USA,23.52,-141.63,333287557,13.7814,0
USA,22.76,-141.69,333287557,13.5213,0
USA,22.11,-141.71,333287557,13.3602,0
USA,21.42,-142.07,333287557,12.8869,0
USA,21.15,-142.77,333287557,12.1557,0
USA,19.8,-143.03,333287557,11.7877,0
USA,19.24,-143.41,333287557,11.4072,0
USA,19.51,-144.23,333287557,10.5841,0
USA,19.73,-146.63,333287557,8.1871,0
USA,20.15,-147.77,333287557,7.0734,0
USA,20.14,-148.94,333287557,5.9081,0
USA,20.35,-154.67,333287557,0.6358,0
USA,20.6,-154.81,333287557,0.744,0
USA,20.61,-155,333287557,0.654,0
USA,20.27,-156.47,333287557,0.2544,0
USA,19.95,-156.16,333287557,0.2057,0
USA,19.24,-156.55,333287557,0.6382,0
USA,16.88,-159.15,333287557,3.9145,0
USA,16.28,-160.37,333287557,5.2657,0
USA,15.94,-162.49,333287557,6.269,0
USA,15.25,-157.55,333287557,4.109,0
USA,14.12,-157.12,333287557,4.9996,0
USA,6.84,-149.44,333287557,9.2534,0
USA,6.42,-148.97,333287557,9.4428,0
USA,5.79,-147.72,333287557,10.2845,0
USA,5.28,-146.64,333287557,11.1136,0
USA,4.41,-145.74,333287557,11.7436,0
USA,3.48,-143.62,333287557,11.8039,0
USA,2.19,-135.73,333287557,11.2743,0
USA,40.16,-157.42,333287557,14.7481,0
USA,39.9,-157.2,333287557,15.0382,0
USA,33.26,-156.98,333287557,11.2869,0
USA,33.1,-156.49,333287557,11.2474,0
USA,33.38,-156.38,333287557,11.5464,0
USA,32.35,-155.1,333287557,10.9859,0
USA,33.02,-152.9,333287557,12.3951,0
USA,33.56,-152.27,333287557,13.1503,0
USA,33.35,-150.87,333287557,13.5169,0
USA,32.76,-150.21,333287557,13.2692,0
USA,33.06,-148.13,333287557,14.5692,0
USA,32.84,-147.81,333287557,14.5621,0
USA,33.08,-147.02,333287557,15.2138,0
USA,32.37,-146.51,333287557,14.9649,0
USA,31.72,-144.77,333287557,15.6649,0
USA,31.54,-143.82,333287557,16.2223,0
USA,29.98,-140,333287557,18.1396,0
USA,29.37,-139.91,333287557,17.8701,0
USA,28.72,-140.03,333287557,17.4185,0
USA,28.54,-140.09,333287557,17.2729,0
USA,28.41,-140.21,333287557,17.1028,0
USA,28.04,-140.48,333287557,16.6809,0
USA,26.6,-142.77,333287557,13.9768,0
USA,25.68,-143.09,333287557,13.2501,0
USA,23.35,-144.31,333287557,11.1851,0
USA,23.15,-144.69,333287557,10.7597,0
USA,22.99,-148.78,333287557,6.9667,0
USA,23.65,-149.74,333287557,6.5464,0
USA,24.21,-149.32,333287557,7.2235,0
USA,24.52,-148.47,333287557,8.0818,0
USA,26.14,-143.12,333287557,13.4439,0
USA,25.69,-141.14,333287557,15.0072,0
USA,25.35,-141.11,333287557,14.8979,0
USA,24.73,-139.58,333287557,16.1047,0
USA,24.03,-138.44,333287557,16.9874,0
USA,23.52,-141.63,333287557,13.7814,0
USA,22.76,-141.69,333287557,13.5213,0
USA,22.11,-141.71,333287557,13.3602,0
USA,21.42,-142.07,333287557,12.8869,0
USA,21.15,-142.77,333287557,12.1557,0
USA,19.8,-143.03,333287557,11.7877,0
USA,19.24,-143.41,333287557,11.4072,0
USA,19.51,-144.23,333287557,10.5841,0
USA,19.73,-146.63,333287557,8.1871,0
USA,20.15,-147.77,333287557,7.0734,0
USA,20.14,-148.94,333287557,5.9081,0
USA,20.35,-154.67,333287557,0.6358,0
USA,20.6,-154.81,333287557,0.744,0
USA,20.61,-155,333287557,0.654,0
USA,20.27,-156.47,333287557,0.2544,0
USA,19.95,-156.16,333287557,0.2057,0
USA,19.24,-156.55,333287557,0.6382,0
USA,16.88,-159.15,333287557,3.9145,0
USA,16.28,-160.37,333287557,5.2657,0
USA,15.94,-162.49,333287557,6.269,0
USA,15.25,-157.55,333287557,4.109,0
USA,14.12,-157.12,333287557,4.9996,0
USA,6.84,-149.44,333287557,9.2534,0
USA,6.42,-148.97,333287557,9.4428,0
USA,5.79,-147.72,333287557,10.2845,0
USA,5.28,-146.64,333287557,11.1136,0
USA,4.41,-145.74,333287557,11.7436,0
USA,3.48,-143.62,333287557,11.8039,0
USA,2.19,-135.73,333287557,11.2743,0
USA,40.16,-157.42,333287557,14.7481,0
USA,39.9,-157.2,333287557,15.0382,0
USA,33.26,-156.98,333287557,11.2869,0
USA,33.1,-156.49,333287557,11.2474,0
USA,33.38,-156.38,333287557,11.5464,0
USA,32.35,-155.1,333287557,10.9859,0
USA,33.02,-152.9,333287557,12.3951,0
USA,33.56,-152.27,333287557,13.1503,0
USA,33.35,-150.87,333287557,13.5169,0
USA,32.76,-150.21,333287557,13.2692,0
USA,33.06,-148.13,333287557,14.5692,0
USA,32.84,-147.81,333287557,14.5621,0
USA,33.08,-147.02,333287557,15.2138,0
USA,32.37,-146.51,333287557,14.9649,0
USA,31.72,-144.77,333287557,15.6649,0
USA,31.54,-143.82,333287557,16.2223,0
USA,29.98,-140,333287557,18.1396,0
USA,29.37,-139.91,333287557,17.8701,0
USA,28.72,-140.03,333287557,17.4185,0
USA,28.54,-140.09,333287557,17.2729,0
USA,28.41,-140.21,333287557,17.1028,0
USA,28.04,-140.48,333287557,16.6809,0
USA,26.6,-142.77,333287557,13.9768,0
USA,25.68,-143.09,333287557,13.2501,0
USA,23.35,-144.31,333287557,11.1851,0
USA,23.15,-144.69,333287557,10.7597,0
USA,22.99,-148.78,333287557,6.9667,0
USA,23.65,-149.74,333287557,6.5464,0
USA,24.21,-149.32,333287557,7.2235,0
USA,24.52,-148.47,333287557,8.0818,0
USA,26.14,-143.12,333287557,13.4439,0
USA,25.69,-141.14,333287557,15.0072,0
USA,25.35,-141.11,333287557,14.8979,0
USA,24.73,-139.58,333287557,16.1047,0
USA,24.03,-138.44,333287557,16.9874,0
USA,23.52,-141.63,333287557,13.7814,0
USA,22.76,-141.69,333287557,13.5213,0
USA,22.11,-141.71,333287557,13.3602,0
USA,21.42,-142.07,333287557,12.8869,0
USA,21.15,-142.77,333287557,12.1557,0
USA,19.8,-143.03,333287557,11.7877,0
USA,19.24,-143.41,333287557,11.4072,0
USA,19.51,-144.23,333287557,10.5841,0
USA,19.73,-146.63,333287557,8.1871,0
USA,20.15,-147.77,333287557,7.0734,0
USA,20.14,-148.94,333287557,5.9081,0
USA,20.35,-154.67,333287557,0.6358,0
USA,20.6,-154.81,333287557,0.744,0
USA,20.61,-155,333287557,0.654,0
USA,20.27,-156.47,333287557,0.2544,0
USA,19.95,-156.16,333287557,0.2057,0
USA,19.24,-156.55,333287557,0.6382,0
USA,16.88,-159.15,333287557,3.9145,0
USA,16.28,-160.37,333287557,5.2657,0
USA,15.94,-162.49,333287557,6.269,0
USA,15.25,-157.55,333287557,4.109,0
USA,14.12,-157.12,333287557,4.9996,0
USA,6.84,-149.44,333287557,9.2534,0
USA,6.42,-148.97,333287557,9.4428,0
USA,5.79,-147.72,333287557,10.2845,0
USA,5.28,-146.64,333287557,11.1136,0
USA,4.41,-145.74,333287557,11.7436,0
USA,3.48,-143.62,333287557,11.8039,0
USA,2.19,-135.73,333287557,11.2743,0
USA,40.16,-157.42,333287557,14.7481,0
USA,39.9,-157.2,333287557,15.0382,0
USA,33.26,-156.98,333287557,11.2869,0
USA,33.1,-156.49,333287557,11.2474,0
USA,33.38,-156.38,333287557,11.5464,0
USA,32.35,-155.1,333287557,10.9859,0
USA,33.02,-152.9,333287557,12.3951,0
USA,33.56,-152.27,333287557,13.1503,0
USA,33.35,-150.87,333287557,13.5169,0
USA,32.76,-150.21,333287557,13.2692,0
USA,33.06,-148.13,333287557,14.5692,0
USA,32.84,-147.81,333287557,14.5621,0
USA,33.08,-147.02,333287557,15.2138,0
USA,32.37,-146.51,333287557,14.9649,0
USA,31.72,-144.77,333287557,15.6649,0
USA,31.54,-143.82,333287557,16.2223,0
USA,29.98,-140,333287557,18.1396,0
USA,29.37,-139.91,333287557,17.8701,0
USA,28.72,-140.03,333287557,17.4185,0
USA,28.54,-140.09,333287557,17.2729,0
USA,28.41,-140.21,333287557,17.1028,0
USA,28.04,-140.48,333287557,16.6809,0
USA,26.6,-142.77,333287557,13.9768,0
USA,25.68,-143.09,333287557,13.2501,0
USA,23.35,-144.31,333287557,11.1851,0
USA,23.15,-144.69,333287557,10.7597,0
USA,22.99,-148.78,333287557,6.9667,0
USA,23.65,-149.74,333287557,6.5464,0
USA,24.21,-149.32,333287557,7.2235,0
USA,24.52,-148.47,333287557,8.0818,0
USA,26.14,-143.12,333287557,13.4439,0
USA,25.69,-141.14,333287557,15.0072,0
USA,25.35,-141.11,333287557,14.8979,0
USA,24.73,-139.58,333287557,16.1047,0
USA,24.03,-138.44,333287557,16.9874,0
USA,23.52,-141.63,333287557,13.7814,0
USA,22.76,-141.69,333287557,13.5213,0
USA,22.11,-141.71,333287557,13.3602,0
USA,21.42,-142.07,333287557,12.8869,0
USA,21.15,-142.77,333287557,12.1557,0
USA,19.8,-143.03,333287557,11.7877,0
USA,19.24,-143.41,333287557,11.4072,0
USA,19.51,-144.23,333287557,10.5841,0
USA,19.73,-146.63,333287557,8.1871,0
USA,20.15,-147.77,333287557,7.0734,0
USA,20.14,-148.94,333287557,5.9081,0
USA,20.35,-154.67,333287557,0.6358,0
USA,20.6,-154.81,333287557,0.744,0
USA,20.61,-155,333287557,0.654,0
USA,20.27,-156.47,333287557,0.2544,0
USA,19.95,-156.16,333287557,0.2057,0
USA,19.24,-156.55,333287557,0.6382,0
USA,16.88,-159.15,333287557,3.9145,0
USA,16.28,-160.37,333287557,5.2657,0
USA,15.94,-162.49,333287557,6.269,0
USA,15.25,-157.55,333287557,4.109,0
USA,14.12,-157.12,333287557,4.9996,0
USA,6.84,-149.44,333287557,9.2534,0
USA,6.42,-148.97,333287557,9.4428,0
USA,5.79,-147.72,333287557,10.2845,0
USA,5.28,-146.64,333287557,11.1136,0
USA,4.41,-145.74,333287557,11.7436,0
USA,3.48,-143.62,333287557,11.8039,0
USA,2.19,-135.73,333287557,11.2743,0
USA,40.16,-157.42,333287557,14.7481,0
USA,39.9,-157.2,333287557,15.0382,0
USA,33.26,-156.98,333287557,11.2869,0
USA,33.1,-156.49,333287557,11.2474,0
USA,33.38,-156.38,333287557,11.5464,0
USA,32.35,-155.1,333287557,10.9859,0
USA,33.02,-152.9,333287557,12.3951,0
USA,33.56,-152.27,333287557,13.1503,0
USA,33.35,-150.87,333287557,13.5169,0
USA,32.76,-150.21,333287557,13.2692,0
USA,33.06,-148.13,333287557,14.5692,0
USA,32.84,-147.81,333287557,14.5621,0
USA,33.08,-147.02,333287557,15.2138,0
USA,32.37,-146.51,333287557,14.9649,0
USA,31.72,-144.77,333287557,15.6649,0
USA,31.54,-143.82,333287557,16.2223,0
USA,29.98,-140,333287557,18.1396,0
USA,29.37,-139.91,333287557,17.8701,0
USA,28.72,-140.03,333287557,17.4185,0
USA,28.54,-140.09,333287557,17.2729,0
USA,28.41,-140.21,333287557,17.1028,0
USA,28.04,-140.48,333287557,16.6809,0
USA,26.6,-142.77,333287557,13.9768,0
USA,25.68,-143.09,333287557,13.2501,0
USA,23.35,-144.31,333287557,11.1851,0
USA,23.15,-144.69,333287557,10.7597,0
USA,22.99,-148.78,333287557,6.9667,0
USA,23.65,-149.74,333287557,6.5464,0
USA,24.21,-149.32,333287557,7.2235,0
USA,24.52,-148.47,333287557,8.0818,0
USA,26.14,-143.12,333287557,13.4439,0
USA,25.69,-141.14,333287557,15.0072,0
USA,25.35,-141.11,333287557,14.8979,0
USA,24.73,-139.58,333287557,16.1047,0
USA,24.03,-138.44,333287557,16.9874,0
USA,23.52,-141.63,333287557,13.7814,0
USA,22.76,-141.69,333287557,13.5213,0
USA,22.11,-141.71,333287557,13.3602,0
USA,21.42,-142.07,333287557,12.8869,0
USA,21.15,-142.77,333287557,12.1557,0
USA,19.8,-143.03,333287557,11.7877,0
USA,19.24,-143.41,333287557,11.4072,0
USA,19.51,-144.23,333287557,10.5841,0
USA,19.73,-146.63,333287557,8.1871,0
USA,20.15,-147.77,333287557,7.0734,0
USA,20.14,-148.94,333287557,5.9081,0
USA,20.35,-154.67,333287557,0.6358,0
USA,20.6,-154.81,333287557,0.744,0
USA,20.61,-155,333287557,0.654,0
USA,20.27,-156.47,333287557,0.2544,0
USA,19.95,-156.16,333287557,0.2057,0
USA,19.24,-156.55,333287557,0.6382,0
USA,16.88,-159.15,333287557,3.9145,0
USA,16.28,-160.37,333287557,5.2657,0
USA,15.94,-162.49,333287557,6.269,0
USA,15.25,-157.55,333287557,4.109,0
USA,14.12,-157.12,333287557,4.9996,0
USA,6.84,-149.44,333287557,9.2534,0
USA,6.42,-148.97,333287557,9.4428,0
USA,5.79,-147.72,333287557,10.2845,0
USA,5.28,-146.64,333287557,11.1136,0
USA,4.41,-145.74,333287557,11.7436,0
USA,3.48,-143.62,333287557,11.8039,0
USA,2.19,-135.73,333287557,11.2743,0
USA,40.16,-157.42,333287557,14.7481,0
USA,39.9,-157.2,333287557,15.0382,0
USA,33.26,-156.98,333287557,11.2869,0
USA,33.1,-156.49,333287557,11.2474,0
USA,33.38,-156.38,333287557,11.5464,0
USA,32.35,-155.1,333287557,10.9859,0
USA,33.02,-152.9,333287557,12.3951,0
USA,33.56,-152.27,333287557,13.1503,0
USA,33.35,-150.87,333287557,13.5169,0
USA,32.76,-150.21,333287557,13.2692,0
USA,33.06,-148.13,333287557,14.5692,0
USA,32.84,-147.81,333287557,14.5621,0
USA,33.08,-147.02,333287557,15.2138,0
USA,32.37,-146.51,333287557,14.9649,0
USA,31.72,-144.77,333287557,15.6649,0
USA,31.54,-143.82,333287557,16.2223,0
USA,29.98,-140,333287557,18.1396,0
USA,29.37,-139.91,333287557,17.8701,0
USA,28.72,-140.03,333287557,17.4185,0
USA,28.54,-140.09,333287557,17.2729,0
USA,28.41,-140.21,333287557,17.1028,0
USA,28.04,-140.48,333287557,16.6809,0
USA,26.6,-142.77,333287557,13.9768,0
USA,25.68,-143.09,333287557,13.2501,0
USA,23.35,-144.31,333287557,11.1851,0
USA,23.15,-144.69,333287557,10.7597,0
USA,22.99,-148.78,333287557,6.9667,0
USA,23.65,-149.74,333287557,6.5464,0
USA,24.21,-149.32,333287557,7.2235,0
USA,24.52,-148.47,333287557,8.0818,0
USA,26.14,-143.12,333287557,13.4439,0
USA,25.69,-141.14,333287557,15.0072,0
USA,25.35,-141.11,333287557,14.8979,0
USA,24.73,-139.58,333287557,16.1047,0
USA,24.03,-138.44,333287557,16.9874,0
USA,23.52,-141.63,333287557,13.7814,0
USA,22.76,-141.69,333287557,13.5213,0
USA,22.11,-141.71,333287557,13.3602,0
USA,21.42,-142.07,333287557,12.8869,0
USA,21.15,-142.77,333287557,12.1557,0
USA,19.8,-143.03,333287557,11.7877,0
USA,19.24,-143.41,333287557,11.4072,0
USA,19.51,-144.23,333287557,10.5841,0
USA,19.73,-146.63,333287557,8.1871,0
USA,20.15,-147.77,333287557,7.0734,0
USA,20.14,-148.94,333287557,5.9081,0
USA,20.35,-154.67,333287557,0.6358,0
USA,20.6,-154.81,333287557,0.744,0
USA,20.61,-155,333287557,0.654,0
USA,20.27,-156.47,333287557,0.2544,0
USA,19.95,-156.16,333287557,0.2057,0
USA,19.24,-156.55,333287557,0.6382,0
USA,16.88,-159.15,333287557,3.9145,0
USA,16.28,-160.37,333287557,5.2657,0
USA,15.94,-162.49,333287557,6.269,0
USA,15.25,-157.55,333287557,4.109,0
USA,14.12,-157.12,333287557,4.9996,0
USA,6.84,-149.44,333287557,9.2534,0
USA,6.42,-148.97,333287557,9.4428,0
USA,5.79,-147.72,333287557,10.2845,0
USA,5.28,-146.64,333287557,11.1136,0
USA,4.41,-145.74,333287557,11.7436,0
USA,3.48,-143.62,333287557,11.8039,0
USA,2.19,-135.73,333287557,11.2743,0
USA,40.16,-157.42,333287557,14.7481,0
USA,39.9,-157.2,333287557,15.0382,0
USA,33.26,-156.98,333287557,11.2869,0
USA,33.1,-156.49,333287557,11.2474,0
USA,33.38,-156.38,333287557,11.5464,0
USA,32.35,-155.1,333287557,10.9859,0
USA,33.02,-152.9,333287557,12.3951,0
USA,33.56,-152.27,333287557,13.1503,0
USA,33.35,-150.87,333287557,13.5169,0
USA,32.76,-150.21,333287557,13.2692,0
USA,33.06,-148.13,333287557,14.5692,0
USA,32.84,-147.81,333287557,14.5621,0
USA,33.08,-147.02,333287557,15.2138,0
USA,32.37,-146.51,333287557,14.9649,0
USA,31.72,-144.77,333287557,15.6649,0
USA,31.54,-143.82,333287557,16.2223,0
USA,29.98,-140,333287557,18.1396,0
USA,29.37,-139.91,333287557,17.8701,0
USA,28.72,-140.03,333287557,17.4185,0
USA,28.54,-140.09,333287557,17.2729,0
USA,28.41,-140.21,333287557,17.1028,0
USA,28.04,-140.48,333287557,16.6809,0
USA,26.6,-142.77,333287557,13.9768,0
USA,25.68,-143.09,333287557,13.2501,0
USA,23.35,-144.31,333287557,11.1851,0
USA,23.15,-144.69,333287557,10.7597,0
USA,22.99,-148.78,333287557,6.9667,0
USA,23.65,-149.74,333287557,6.5464,0
USA,24.21,-149.32,333287557,7.2235,0
USA,24.52,-148.47,333287557,8.0818,0
USA,26.14,-143.12,333287557,13.4439,0
USA,25.69,-141.14,333287557,15.0072,0
USA,25.35,-141.11,333287557,14.8979,0
USA,24.73,-139.58,333287557,16.1047,0
USA,24.03,-138.44,333287557,16.9874,0
USA,23.52,-141.63,333287557,13.7814,0
USA,22.76,-141.69,333287557,13.5213,0
USA,22.11,-141.71,333287557,13.3602,0
USA,21.42,-142.07,333287557,12.8869,0
USA,21.15,-142.77,333287557,12.1557,0
USA,19.8,-143.03,333287557,11.7877,0
USA,19.24,-143.41,333287557,11.4072,0
USA,19.51,-144.23,333287557,10.5841,0
USA,19.73,-146.63,333287557,8.1871,0
USA,20.15,-147.77,333287557,7.0734,0
USA,20.14,-148.94,333287557,5.9081,0
USA,20.35,-154.67,333287557,0.6358,0
USA,20.6,-154.81,333287557,0.744,0
USA,20.61,-155,333287557,0.654,0
USA,20.27,-156.47,333287557,0.2544,0
USA,19.95,-156.16,333287557,0.2057,0
USA,19.24,-156.55,333287557,0.6382,0
USA,16.88,-159.15,333287557,3.9145,0
USA,16.28,-160.37,333287557,5.2657,0
USA,15.94,-162.49,333287557,6.269,0
USA,15.25,-157.55,333287557,4.109,0
USA,14.12,-157.12,333287557,4.9996,0
USA,6.84,-149.44,333287557,9.2534,0
USA,6.42,-148.97,333287557,9.4428,0
USA,5.79,-147.72,333287557,10.2845,0
USA,5.28,-146.64,333287557,11.1136,0
USA,4.41,-145.74,333287557,11.7436,0
USA,3.48,-143.62,333287557,11.8039,0
USA,2.19,-135.73,333287557,11.2743,0
USA,40.16,-157.42,333287557,14.7481,0
USA,39.9,-157.2,333287557,15.0382,0
USA,33.26,-156.98,333287557,11.2869,0
USA,33.1,-156.49,333287557,11.2474,0
USA,33.38,-156.38,333287557,11.5464,0
USA,32.35,-155.1,333287557,10.9859,0
USA,33.02,-152.9,333287557,12.3951,0
USA,33.56,-152.27,333287557,13.1503,0
USA,33.35,-150.87,333287557,13.5169,0
USA,32.76,-150.21,333287557,13.2692,0
USA,33.06,-148.13,333287557,14.5692,0
USA,32.84,-147.81,333287557,14.5621,0
USA,33.08,-147.02,333287557,15.2138,0
USA,32.37,-146.51,333287557,14.9649,0
USA,31.72,-144.77,333287557,15.6649,0
USA,31.54,-143.82,333287557,16.2223,0
USA,29.98,-140,333287557,18.1396,0
USA,29.37,-139.91,333287557,17.8701,0
USA,28.72,-140.03,333287557,17.4185,0
USA,28.54,-140.09,333287557,17.2729,0
USA,28.41,-140.21,333287557,17.1028,0
USA,28.04,-140.48,333287557,16.6809,0
USA,26.6,-142.77,333287557,13.9768,0
USA,25.68,-143.09,333287557,13.2501,0
USA,23.35,-144.31,333287557,11.1851,0
USA,23.15,-144.69,333287557,10.7597,0
USA,22.99,-148.78,333287557,6.9667,0
USA,23.65,-149.74,333287557,6.5464,0
USA,24.21,-149.32,333287557,7.2235,0
USA,24.52,-148.47,333287557,8.0818,0
USA,26.14,-143.12,333287557,13.4439,0
USA,25.69,-141.14,333287557,15.0072,0
USA,25.35,-141.11,333287557,14.8979,0
USA,24.73,-139.58,333287557,16.1047,0
USA,24.03,-138.44,333287557,16.9874,0
USA,23.52,-141.63,333287557,13.7814,0
USA,22.76,-141.69,333287557,13.5213,0
USA,22.11,-141.71,333287557,13.3602,0
USA,21.42,-142.07,333287557,12.8869,0
USA,21.15,-142.77,333287557,12.1557,0
USA,19.8,-143.03,333287557,11.7877,0
USA,19.24,-143.41,333287557,11.4072,0
USA,19.51,-144.23,333287557,10.5841,0
USA,19.73,-146.63,333287557,8.1871,0
USA,20.15,-147.77,333287557,7.0734,0
USA,20.14,-148.94,333287557,5.9081,0
USA,20.35,-154.67,333287557,0.6358,0
USA,20.6,-154.81,333287557,0.744,0
USA,20.61,-155,333287557,0.654,0
USA,20.27,-156.47,333287557,0.2544,0
USA,19.95,-156.16,333287557,0.2057,0
USA,19.24,-156.55,333287557,0.6382,0
USA,16.88,-159.15,333287557,3.9145,0
USA,16.28,-160.37,333287557,5.2657,0
USA,15.94,-162.49,333287557,6.269,0
USA,15.25,-157.55,333287557,4.109,0
USA,14.12,-157.12,333287557,4.9996,0
USA,6.84,-149.44,333287557,9.2534,0
USA,6.42,-148.97,333287557,9.4428,0
USA,5.79,-147.72,333287557,10.2845,0
USA,5.28,-146.64,333287557,11.1136,0
USA,4.41,-145.74,333287557,11.7436,0
USA,3.48,-143.62,333287557,11.8039,0
USA,2.19,-135.73,333287557,11.2743,0
USA,40.16,-157.42,333287557,14.7481,0
USA,39.9,-157.2,333287557,15.0382,0
USA,33.26,-156.98,333287557,11.2869,0
USA,33.1,-156.49,333287557,11.2474,0
USA,33.38,-156.38,333287557,11.5464,0
USA,32.35,-155.1,333287557,10.9859,0
USA,33.02,-152.9,333287557,12.3951,0
USA,33.56,-152.27,333287557,13.1503,0
USA,33.35,-150.87,333287557,13.5169,0
USA,32.76,-150.21,333287557,13.2692,0
USA,33.06,-148.13,333287557,14.5692,0
USA,32.84,-147.81,333287557,14.5621,0
USA,33.08,-147.02,333287557,15.2138,0
USA,32.37,-146.51,333287557,14.9649,0
USA,31.72,-144.77,333287557,15.6649,0
USA,31.54,-143.82,333287557,16.2223,0
USA,29.98,-140,333287557,18.1396,0
USA,29.37,-139.91,333287557,17.8701,0
USA,28.72,-140.03,333287557,17.4185,0
USA,28.54,-140.09,333287557,17.2729,0
USA,28.41,-140.21,333287557,17.1028,0
USA,28.04,-140.48,333287557,16.6809,0
USA,26.6,-142.77,333287557,13.9768,0
USA,25.68,-143.09,333287557,13.2501,0
USA,23.35,-144.31,333287557,11.1851,0
USA,23.15,-144.69,333287557,10.7597,0
USA,22.99,-148.78,333287557,6.9667,0
USA,23.65,-149.74,333287557,6.5464,0
USA,24.21,-149.32,333287557,7.2235,0
USA,24.52,-148.47,333287557,8.0818,0
USA,26.14,-143.12,333287557,13.4439,0
USA,25.69,-141.14,333287557,15.0072,0
USA,25.35,-141.11,333287557,14.8979,0
USA,24.73,-139.58,333287557,16.1047,0
USA,24.03,-138.44,333287557,16.9874,0
USA,23.52,-141.63,333287557,13.7814,0
USA,22.76,-141.69,333287557,13.5213,0
USA,22.11,-141.71,333287557,13.3602,0
USA,21.42,-142.07,333287557,12.8869,0
USA,21.15,-142.77,333287557,12.1557,0
USA,19.8,-143.03,333287557,11.7877,0
USA,19.24,-143.41,333287557,11.4072,0
USA,19.51,-144.23,333287557,10.5841,0
USA,19.73,-146.63,333287557,8.1871,0
USA,20.15,-147.77,333287557,7.0734,0
USA,20.14,-148.94,333287557,5.9081,0
USA,20.35,-154.67,333287557,0.6358,0
USA,20.6,-154.81,333287557,0.744,0
USA,20.61,-155,333287557,0.654,0
USA,20.27,-156.47,333287557,0.2544,0
USA,19.95,-156.16,333287557,0.2057,0
USA,19.24,-156.55,333287557,0.6382,0
USA,16.88,-159.15,333287557,3.9145,0
USA,16.28,-160.37,333287557,5.2657,0
USA,15.94,-162.49,333287557,6.269,0
USA,15.25,-157.55,333287557,4.109,0
USA,14.12,-157.12,333287557,4.9996,0
USA,6.84,-149.44,333287557,9.2534,0
USA,6.42,-148.97,333287557,9.4428,0
USA,5.79,-147.72,333287557,10.2845,0
USA,5.28,-146.64,333287557,11.1136,0
USA,4.41,-145.74,333287557,11.7436,0
USA,3.48,-143.62,333287557,11.8039,0
USA,2.19,-135.73,333287557,11.2743,0
USA,40.16,-157.42,333287557,14.7481,0
USA,39.9,-157.2,333287557,15.0382,0
USA,33.26,-156.98,333287557,11.2869,0
USA,33.1,-156.49,333287557,11.2474,0
USA,33.38,-156.38,333287557,11.5464,0
USA,32.35,-155.1,333287557,10.9859,0
USA,33.02,-152.9,333287557,12.3951,0
USA,33.56,-152.27,333287557,13.1503,0
USA,33.35,-150.87,333287557,13.5169,0
USA,32.76,-150.21,333287557,13.2692,0
USA,33.06,-148.13,333287557,14.5692,0
USA,32.84,-147.81,333287557,14.5621,0
USA,33.08,-147.02,333287557,15.2138,0
USA,32.37,-146.51,333287557,14.9649,0
USA,31.72,-144.77,333287557,15.6649,0
USA,31.54,-143.82,333287557,16.2223,0
USA,29.98,-140,333287557,18.1396,0
USA,29.37,-139.91,333287557,17.8701,0
USA,28.72,-140.03,333287557,17.4185,0
USA,28.54,-140.09,333287557,17.2729,0
USA,28.41,-140.21,333287557,17.1028,0
USA,28.04,-140.48,333287557,16.6809,0
USA,26.6,-142.77,333287557,13.9768,0
USA,25.68,-143.09,333287557,13.2501,0
USA,23.35,-144.31,333287557,11.1851,0
USA,23.15,-144.69,333287557,10.7597,0
USA,22.99,-148.78,333287557,6.9667,0
USA,23.65,-149.74,333287557,6.5464,0
USA,24.21,-149.32,333287557,7.2235,0
USA,24.52,-148.47,333287557,8.0818,0
USA,26.14,-143.12,333287557,13.4439,0
USA,25.69,-141.14,333287557,15.0072,0
USA,25.35,-141.11,333287557,14.8979,0
USA,24.73,-139.58,333287557,16.1047,0
USA,24.03,-138.44,333287557,16.9874,0
USA,23.52,-141.63,333287557,13.7814,0
USA,22.76,-141.69,333287557,13.5213,0
USA,22.11,-141.71,333287557,13.3602,0
USA,21.42,-142.07,333287557,12.8869,0
USA,21.15,-142.77,333287557,12.1557,0
USA,19.8,-143.03,333287557,11.7877,0
USA,19.24,-143.41,333287557,11.4072,0
USA,19.51,-144.23,333287557,10.5841,0
USA,19.73,-146.63,333287557,8.1871,0
USA,20.15,-147.77,333287557,7.0734,0
USA,20.14,-148.94,333287557,5.9081,0
USA,20.35,-154.67,333287557,0.6358,0
USA,20.6,-154.81,333287557,0.744,0
USA,20.61,-155,333287557,0.654,0
USA,20.27,-156.47,333287557,0.2544,0
USA,19.95,-156.16,333287557,0.2057,0
USA,19.24,-156.55,333287557,0.6382,0
USA,16.88,-159.15,333287557,3.9145,0
USA,16.28,-160.37,333287557,5.2657,0
USA,15.94,-162.49,333287557,6.269,0
USA,15.25,-157.55,333287557,4.109,0
USA,14.12,-157.12,333287557,4.9996,0
USA,6.84,-149.44,333287557,9.2534,0
USA,6.42,-148.97,333287557,9.4428,0
USA,5.79,-147.72,333287557,10.2845,0
USA,5.28,-146.64,333287557,11.1136,0
USA,4.41,-145.74,333287557,11.7436,0
USA,3.48,-143.62,333287557,11.8039,0
USA,2.19,-135.73,333287557,11.2743,0
USA,40.16,-157.42,333287557,14.7481,0
USA,39.9,-157.2,333287557,15.0382,0
USA,33.26,-156.98,333287557,11.2869,0
USA,33.1,-156.49,333287557,11.2474,0
USA,33.38,-156.38,333287557,11.5464,0
USA,32.35,-155.1,333287557,10.9859,0
USA,33.02,-152.9,333287557,12.3951,0
USA,33.56,-152.27,333287557,13.1503,0
USA,33.35,-150.87,333287557,13.5169,0
USA,32.76,-150.21,333287557,13.2692,0
USA,33.06,-148.13,333287557,14.5692,0
USA,32.84,-147.81,333287557,14.5621,0
USA,33.08,-147.02,333287557,15.2138,0
USA,32.37,-146.51,333287557,14.9649,0
USA,31.72,-144.77,333287557,15.6649,0
USA,31.54,-143.82,333287557,16.2223,0
USA,29.98,-140,333287557,18.1396,0
USA,29.37,-139.91,333287557,17.8701,0
USA,28.72,-140.03,333287557,17.4185,0
USA,28.54,-140.09,333287557,17.2729,0
USA,28.41,-140.21,333287557,17.1028,0
USA,28.04,-140.48,333287557,16.6809,0
USA,26.6,-142.77,333287557,13.9768,0
USA,25.68,-143.09,333287557,13.2501,0
USA,23.35,-144.31,333287557,11.1851,0
USA,23.15,-144.69,333287557,10.7597,0
USA,22.99,-148.78,333287557,6.9667,0
USA,23.65,-149.74,333287557,6.5464,0
USA,24.21,-149.32,333287557,7.2235,0
USA,24.52,-148.47,333287557,8.0818,0
USA,26.14,-143.12,333287557,13.4439,0
USA,25.69,-141.14,333287557,15.0072,0
USA,25.35,-141.11,333287557,14.8979,0
USA,24.73,-139.58,333287557,16.1047,0
USA,24.03,-138.44,333287557,16.9874,0
USA,23.52,-141.63,333287557,13.7814,0
USA,22.76,-141.69,333287557,13.5213,0
USA,22.11,-141.71,333287557,13.3602,0
USA,21.42,-142.07,333287557,12.8869,0
USA,21.15,-142.77,333287557,12.1557,0
USA,19.8,-143.03,333287557,11.7877,0
USA,19.24,-143.41,333287557,11.4072,0
USA,19.51,-144.23,333287557,10.5841,0
USA,19.73,-146.63,333287557,8.1871,0
USA,20.15,-147.77,333287557,7.0734,0
USA,20.14,-148.94,333287557,5.9081,0
USA,20.35,-154.67,333287557,0.6358,0
USA,20.6,-154.81,333287557,0.744,0
USA,20.61,-155,333287557,0.654,0
USA,20.27,-156.47,333287557,0.2544,0
USA,19.95,-156.16,333287557,0.2057,0
USA,19.24,-156.55,333287557,0.6382,0
USA,16.88,-159.15,333287557,3.9145,0
USA,16.28,-160.37,333287557,5.2657,0
USA,15.94,-162.49,333287557,6.269,0
USA,15.25,-157.55,333287557,4.109,0
USA,14.12,-157.12,333287557,4.9996,0
USA,6.84,-149.44,333287557,9.2534,0
USA,6.42,-148.97,333287557,9.4428,0
USA,5.79,-147.72,333287557,10.2845,0
USA,5.28,-146.64,333287557,11.1136,0
USA,4.41,-145.74,333287557,11.7436,0
USA,3.48,-143.62,333287557,11.8039,0
USA,2.19,-135.73,333287557,11.2743,0
USA,40.16,-157.42,333287557,14.7481,0
USA,39.9,-157.2,333287557,15.0382,0
USA,33.26,-156.98,333287557,11.2869,0
USA,33.1,-156.49,333287557,11.2474,0
USA,33.38,-156.38,333287557,11.5464,0
USA,32.35,-155.1,333287557,10.9859,0
USA,33.02,-152.9,333287557,12.3951,0
USA,33.56,-152.27,333287557,13.1503,0
USA,33.35,-150.87,333287557,13.5169,0
USA,32.76,-150.21,333287557,13.2692,0
USA,33.06,-148.13,333287557,14.5692,0
USA,32.84,-147.81,333287557,14.5621,0
USA,33.08,-147.02,333287557,15.2138,0
USA,32.37,-146.51,333287557,14.9649,0
USA,31.72,-144.77,333287557,15.6649,0
USA,31.54,-143.82,333287557,16.2223,0
USA,29.98,-140,333287557,18.1396,0
USA,29.37,-139.91,333287557,17.8701,0
USA,28.72,-140.03,333287557,17.4185,0
USA,28.54,-140.09,333287557,17.2729,0
USA,28.41,-140.21,333287557,17.1028,0
USA,28.04,-140.48,333287557,16.6809,0
USA,26.6,-142.77,333287557,13.9768,0
USA,25.68,-143.09,333287557,13.2501,0
USA,23.35,-144.31,333287557,11.1851,0
USA,23.15,-144.69,333287557,10.7597,0
USA,22.99,-148.78,333287557,6.9667,0
USA,23.65,-149.74,333287557,6.5464,0
USA,24.21,-149.32,333287557,7.2235,0
USA,24.52,-148.47,333287557,8.0818,0
USA,26.14,-143.12,333287557,13.4439,0
USA,25.69,-141.14,333287557,15.0072,0
USA,25.35,-141.11,333287557,14.8979,0
USA,24.73,-139.58,333287557,16.1047,0
USA,24.03,-138.44,333287557,16.9874,0
USA,23.52,-141.63,333287557,13.7814,0
USA,22.76,-141.69,333287557,13.5213,0
USA,22.11,-141.71,333287557,13.3602,0
USA,21.42,-142.07,333287557,12.8869,0
USA,21.15,-142.77,333287557,12.1557,0
USA,19.8,-143.03,333287557,11.7877,0
USA,19.24,-143.41,333287557,11.4072,0
USA,19.51,-144.23,333287557,10.5841,0
USA,19.73,-146.63,333287557,8.1871,0
USA,20.15,-147.77,333287557,7.0734,0
USA,20.14,-148.94,333287557,5.9081,0
USA,20.35,-154.67,333287557,0.6358,0
USA,20.6,-154.81,333287557,0.744,0
USA,20.61,-155,333287557,0.654,0
USA,20.27,-156.47,333287557,0.2544,0
USA,19.95,-156.16,333287557,0.2057,0
USA,19.24,-156.55,333287557,0.6382,0
USA,16.88,-159.15,333287557,3.9145,0
USA,16.28,-160.37,333287557,5.2657,0
USA,15.94,-162.49,333287557,6.269,0
USA,15.25,-157.55,333287557,4.109,0
USA,14.12,-157.12,333287557,4.9996,0
USA,6.84,-149.44,333287557,9.2534,0
USA,6.42,-148.97,333287557,9.4428,0
USA,5.79,-147.72,333287557,10.2845,0
USA,5.28,-146.64,333287557,11.1136,0
USA,4.41,-145.74,333287557,11.7436,0
USA,3.48,-143.62,333287557,11.8039,0
USA,2.19,-135.73,333287557,11.2743,0
USA,40.16,-157.42,333287557,14.7481,0
USA,39.9,-157.2,333287557,15.0382,0
USA,33.26,-156.98,333287557,11.2869,0
USA,33.1,-156.49,333287557,11.2474,0
USA,33.38,-156.38,333287557,11.5464,0
USA,32.35,-155.1,333287557,10.9859,0
USA,33.02,-152.9,333287557,12.3951,0
USA,33.56,-152.27,333287557,13.1503,0
USA,33.35,-150.87,333287557,13.5169,0
USA,32.76,-150.21,333287557,13.2692,0
USA,33.06,-148.13,333287557,14.5692,0
USA,32.84,-147.81,333287557,14.5621,0
USA,33.08,-147.02,333287557,15.2138,0
USA,32.37,-146.51,333287557,14.9649,0
USA,31.72,-144.77,333287557,15.6649,0
USA,31.54,-143.82,333287557,16.2223,0
USA,29.98,-140,333287557,18.1396,0
USA,29.37,-139.91,333287557,17.8701,0
USA,28.72,-140.03,333287557,17.4185,0
USA,28.54,-140.09,333287557,17.2729,0
USA,28.41,-140.21,333287557,17.1028,0
USA,28.04,-140.48,333287557,16.6809,0
USA,26.6,-142.77,333287557,13.9768,0
USA,25.68,-143.09,333287557,13.2501,0
USA,23.35,-144.31,333287557,11.1851,0
USA,23.15,-144.69,333287557,10.7597,0
USA,22.99,-148.78,333287557,6.9667,0
USA,23.65,-149.74,333287557,6.5464,0
USA,24.21,-149.32,333287557,7.2235,0
USA,24.52,-148.47,333287557,8.0818,0
USA,26.14,-143.12,333287557,13.4439,0
USA,25.69,-141.14,333287557,15.0072,0
USA,25.35,-141.11,333287557,14.8979,0
USA,24.73,-139.58,333287557,16.1047,0
USA,24.03,-138.44,333287557,16.9874,0
USA,23.52,-141.63,333287557,13.7814,0
USA,22.76,-141.69,333287557,13.5213,0
USA,22.11,-141.71,333287557,13.3602,0
USA,21.42,-142.07,333287557,12.8869,0
USA,21.15,-142.77,333287557,12.1557,0
USA,19.8,-143.03,333287557,11.7877,0
USA,19.24,-143.41,333287557,11.4072,0
USA,19.51,-144.23,333287557,10.5841,0
USA,19.73,-146.63,333287557,8.1871,0
USA,20.15,-147.77,333287557,7.0734,0
USA,20.14,-148.94,333287557,5.9081,0
USA,20.35,-154.67,333287557,0.6358,0
USA,20.6,-154.81,333287557,0.744,0
USA,20.61,-155,333287557,0.654,0
USA,20.27,-156.47,333287557,0.2544,0
USA,19.95,-156.16,333287557,0.2057,0
USA,19.24,-156.55,333287557,0.6382,0
USA,16.88,-159.15,333287557,3.9145,0
USA,16.28,-160.37,333287557,5.2657,0
USA,15.94,-162.49,333287557,6.269,0
USA,15.25,-157.55,333287557,4.109,0
USA,14.12,-157.12,333287557,4.9996,0
USA,6.84,-149.44,333287557,9.2534,0
USA,6.42,-148.97,333287557,9.4428,0
USA,5.79,-147.72,333287557,10.2845,0
USA,5.28,-146.64,333287557,11.1136,0
USA,4.41,-145.74,333287557,11.7436,0
USA,3.48,-143.62,333287557,11.8039,0
USA,2.19,-135.73,333287557,11.2743,0
USA,40.16,-157.42,333287557,14.7481,0
USA,39.9,-157.2,333287557,15.0382,0
USA,33.26,-156.98,333287557,11.2869,0
USA,33.1,-156.49,333287557,11.2474,0
USA,33.38,-156.38,333287557,11.5464,0
USA,32.35,-155.1,333287557,10.9859,0
USA,33.02,-152.9,333287557,12.3951,0
USA,33.56,-152.27,333287557,13.1503,0
USA,33.35,-150.87,333287557,13.5169,0
USA,32.76,-150.21,333287557,13.2692,0
USA,33.06,-148.13,333287557,14.5692,0
USA,32.84,-147.81,333287557,14.5621,0
USA,33.08,-147.02,333287557,15.2138,0
USA,32.37,-146.51,333287557,14.9649,0
USA,31.72,-144.77,333287557,15.6649,0
USA,31.54,-143.82,333287557,16.2223,0
USA,29.98,-140,333287557,18.1396,0
USA,29.37,-139.91,333287557,17.8701,0
USA,28.72,-140.03,333287557,17.4185,0
USA,28.54,-140.09,333287557,17.2729,0
USA,28.41,-140.21,333287557,17.1028,0
USA,28.04,-140.48,333287557,16.6809,0
USA,26.6,-142.77,333287557,13.9768,0
USA,25.68,-143.09,333287557,13.2501,0
USA,23.35,-144.31,333287557,11.1851,0
USA,23.15,-144.69,333287557,10.7597,0
USA,22.99,-148.78,333287557,6.9667,0
USA,23.65,-149.74,333287557,6.5464,0
USA,24.21,-149.32,333287557,7.2235,0
USA,24.52,-148.47,333287557,8.0818,0
USA,26.14,-143.12,333287557,13.4439,0
USA,25.69,-141.14,333287557,15.0072,0
USA,25.35,-141.11,333287557,14.8979,0
USA,24.73,-139.58,333287557,16.1047,0
USA,24.03,-138.44,333287557,16.9874,0
USA,23.52,-141.63,333287557,13.7814,0
USA,22.76,-141.69,333287557,13.5213,0
USA,22.11,-141.71,333287557,13.3602,0
USA,21.42,-142.07,333287557,12.8869,0
USA,21.15,-142.77,333287557,12.1557,0
USA,19.8,-143.03,333287557,11.7877,0
USA,19.24,-143.41,333287557,11.4072,0
USA,19.51,-144.23,333287557,10.5841,0
USA,19.73,-146.63,333287557,8.1871,0
USA,20.15,-147.77,333287557,7.0734,0
USA,20.14,-148.94,333287557,5.9081,0
USA,20.35,-154.67,333287557,0.6358,0
USA,20.6,-154.81,333287557,0.744,0
USA,20.61,-155,333287557,0.654,0
USA,20.27,-156.47,333287557,0.2544,0
USA,19.95,-156.16,333287557,0.2057,0
USA,19.24,-156.55,333287557,0.6382,0
USA,16.88,-159.15,333287557,3.9145,0
USA,16.28,-160.37,333287557,5.2657,0
USA,15.94,-162.49,333287557,6.269,0
USA,15.25,-157.55,333287557,4.109,0
USA,14.12,-157.12,333287557,4.9996,0
USA,6.84,-149.44,333287557,9.2534,0
USA,6.42,-148.97,333287557,9.4428,0
USA,5.79,-147.72,333287557,10.2845,0
USA,5.28,-146.64,333287557,11.1136,0
USA,4.41,-145.74,333287557,11.7436,0
USA,3.48,-143.62,333287557,11.8039,0
USA,2.19,-135.73,333287557,11.2743,0
USA,40.16,-157.42,333287557,14.7481,0
USA,39.9,-157.2,333287557,15.0382,0
USA,33.26,-156.98,333287557,11.2869,0
USA,33.1,-156.49,333287557,11.2474,0
USA,33.38,-156.38,333287557,11.5464,0
USA,32.35,-155.1,333287557,10.9859,0
USA,33.02,-152.9,333287557,12.3951,0
USA,33.56,-152.27,333287557,13.1503,0
USA,33.35,-150.87,333287557,13.5169,0
USA,32.76,-150.21,333287557,13.2692,0
USA,33.06,-148.13,333287557,14.5692,0
USA,32.84,-147.81,333287557,14.5621,0
USA,33.08,-147.02,333287557,15.2138,0
USA,32.37,-146.51,333287557,14.9649,0
USA,31.72,-144.77,333287557,15.6649,0
USA,31.54,-143.82,333287557,16.2223,0
USA,29.98,-140,333287557,18.1396,0
USA,29.37,-139.91,333287557,17.8701,0
USA,28.72,-140.03,333287557,17.4185,0
USA,28.54,-140.09,333287557,17.2729,0
USA,28.41,-140.21,333287557,17.1028,0
USA,28.04,-140.48,333287557,16.6809,0
USA,26.6,-142.77,333287557,13.9768,0
USA,25.68,-143.09,333287557,13.2501,0
USA,23.35,-144.31,333287557,11.1851,0
USA,23.15,-144.69,333287557,10.7597,0
USA,22.99,-148.78,333287557,6.9667,0
USA,23.65,-149.74,333287557,6.5464,0
USA,24.21,-149.32,333287557,7.2235,0
USA,24.52,-148.47,333287557,8.0818,0
USA,26.14,-143.12,333287557,13.4439,0
USA,25.69,-141.14,333287557,15.0072,0
USA,25.35,-141.11,333287557,14.8979,0
USA,24.73,-139.58,333287557,16.1047,0
USA,24.03,-138.44,333287557,16.9874,0
USA,23.52,-141.63,333287557,13.7814,0
USA,22.76,-141.69,333287557,13.5213,0
USA,22.11,-141.71,333287557,13.3602,0
USA,21.42,-142.07,333287557,12.8869,0
USA,21.15,-142.77,333287557,12.1557,0
USA,19.8,-143.03,333287557,11.7877,0
USA,19.24,-143.41,333287557,11.4072,0
USA,19.51,-144.23,333287557,10.5841,0
USA,19.73,-146.63,333287557,8.1871,0
USA,20.15,-147.77,333287557,7.0734,0
USA,20.14,-148.94,333287557,5.9081,0
USA,20.35,-154.67,333287557,0.6358,0
USA,20.6,-154.81,333287557,0.744,0
USA,20.61,-155,333287557,0.654,0
USA,20.27,-156.47,333287557,0.2544,0
USA,19.95,-156.16,333287557,0.2057,0
USA,19.24,-156.55,333287557,0.6382,0
USA,16.88,-159.15,333287557,3.9145,0
USA,16.28,-160.37,333287557,5.2657,0
USA,15.94,-162.49,333287557,6.269,0
USA,15.25,-157.55,333287557,4.109,0
USA,14.12,-157.12,333287557,4.9996,0
USA,6.84,-149.44,333287557,9.2534,0
USA,6.42,-148.97,333287557,9.4428,0
USA,5.79,-147.72,333287557,10.2845,0
USA,5.28,-146.64,333287557,11.1136,0
USA,4.41,-145.74,333287557,11.7436,0
USA,3.48,-143.62,333287557,11.8039,0
USA,2.19,-135.73,333287557,11.2743,0
USA,40.68,-128.9,333287557,4.497,0
USA,40.16,-157.42,333287557,14.7481,0
USA,39.9,-157.2,333287557,15.0382,0
USA,33.26,-156.98,333287557,11.2869,0
USA,33.1,-156.49,333287557,11.2474,0
USA,33.38,-156.38,333287557,11.5464,0
USA,33.09,-156.27,333287557,11.2967,0
USA,33.02,-152.9,333287557,12.3951,0
USA,33.56,-152.27,333287557,13.1503,0
USA,33.47,-151.63,333287557,13.3163,0
USA,33.06,-148.13,333287557,14.5692,0
USA,32.84,-147.81,333287557,14.5621,0
USA,29.98,-140,333287557,18.1396,0
USA,28.41,-140.21,333287557,17.1028,0
USA,28.04,-140.48,333287557,16.6809,0
USA,27.84,-140.77,333287557,16.3294,0
USA,27.33,-142.18,333287557,14.8588,0
USA,26.6,-142.77,333287557,13.9768,0
USA,25.68,-143.09,333287557,13.2501,0
USA,24.59,-143.47,333287557,12.431,0
USA,24.28,-143.99,333287557,11.8299,0
USA,23.35,-144.31,333287557,11.1851,0
USA,23.15,-144.69,333287557,10.7597,0
USA,22.99,-148.78,333287557,6.9667,0
USA,23.65,-149.74,333287557,6.5464,0
USA,24.21,-149.32,333287557,7.2235,0
USA,26.21,-144.53,333287557,12.2739,0
USA,26.05,-141.2,333287557,15.1049,0
USA,20.35,-154.67,333287557,0.6358,0
USA,15.25,-157.55,333287557,4.109,0
USA,14.71,-157.43,333287557,4.5484,0
USA,14.12,-157.12,333287557,4.9996,0
USA,13.69,-156.87,333287557,5.3513,0
USA,12.52,-156.96,333287557,6.5142,0
USA,11.09,-156.77,333287557,7.2874,0
USA,10.33,-156.71,333287557,6.7084,0
USA,9.55,-155.93,333287557,6.5716,0
USA,8.38,-151.97,333287557,8.3406,0
USA,7.43,-149.9,333287557,9.2026,0
USA,6.84,-149.44,333287557,9.2534,0
USA,6.42,-148.97,333287557,9.4428,0
USA,5.79,-147.72,333287557,10.2845,0
USA,5.28,-146.64,333287557,11.1136,0
USA,4.41,-145.74,333287557,11.7436,0
USA,3.48,-143.62,333287557,11.8039,0
USA,2.89,-137.24,333287557,11.3695,0
USA,40.58,-157.79,333287557,14.2824,0
USA,40.16,-157.42,333287557,14.7481,0
USA,12.95,-156.94,333287557,6.089,0
USA,2.89,-137.24,333287557,11.3695,0
USA,2.29,-156.98,333287557,0.4576,0
USA,1.59,-156.49,333287557,0.6996,0
USA,1.56,-156.38,333287557,0.8134,0
USA,0.75,-156.27,333287557,1.3281,0
USA,-2.01,-151.63,333287557,3.879,0
USA,-2.94,-150.87,333287557,4.2142,0
USA,-3.43,-150.21,333287557,4.7684,0
USA,-3.84,-149.63,333287557,5.3138,0
USA,-4.5,-148.13,333287557,6.8264,0
USA,-5.3,-147.81,333287557,7.2422,0
USA,-6.08,-147.02,333287557,6.5762,0
USA,-10.8,-139.91,333287557,1.1062,0
USA,-11.53,-140.03,333287557,1.6683,0
USA,-12.41,-140.09,333287557,2.0824,0
USA,38.1533,-122.8895,333287557,0.0017,0
USA,59.609,-151.349,333287557,0.0482,0
USA,30.4287,-81.3915,333287557,0.0164,0
USA,41.1152,-73.3307,333287557,0.0013,0
USA,32.429,-80.682,333287557,0.0058,0
USA,26.7097,-80.0475,333287557,0.0131,0
USA,47.3321,-122.5804,333287557,0.002,0
USA,47.8033,-122.6763,333287557,0.0031,0
USA,45.6604,-123.9305,333287557,0.0036,0
USA,45.5544,-123.8997,333287557,0.0024,0
USA,36.6581,-121.8247,333287557,0.0013,0
USA,36.6556,-121.8258,333287557,0.0014,0
USA,47.5504,-122.6265,333287557,0.0038,0
USA,36.955,-122.0244,333287557,0.0001,0
USA,57.0525,-135.3491,333287557,0.0108,0
USA,57.1016,-135.4066,333287557,0.0307,0
USA,47.5365,-122.4722,333287557,0.039,0
USA,26.4827,-82.1831,333287557,0.0049,0
USA,33.4524,-119.0053,333287557,0.4021,0
USA,60.3903,-145.7124,333287557,0.0721,0
USA,25.3162,-80.9082,333287557,0.0489,0
USA,60.5437,-145.7625,333287557,0.0044,0
USA,19.3824,-155.9908,333287557,0.0841,0
USA,19.4577,-154.8418,333287557,0.0048,0
USA,19.6463,-156.0176,333287557,0.0002,0
USA,60.7,-147.07,333287557,0.169,0
USA,39.5277,-75.8119,333287557,0.0399,0
USA,39.5541,-75.6178,333287557,0.0517,0
USA,41.4947,-71.0185,333287557,0.0166,0
USA,41.5148,-70.9822,333287557,0.0143,0
USA,46.9092,-124.1755,333287557,0.0166,0
USA,30.5013,-86.4355,333287557,0.0069,0
USA,30.5068,-86.4372,333287557,0.0111,0
USA,60.797,-148.093,333287557,0.0026,0
USA,60.967,-147.392,333287557,0.0051,0
USA,37.8604,-122.4726,333287557,0.0055,0
USA,-10.4311,-133.3209,333287557,5.2997,0
USA,-12.961,-143.765,333287557,1.8295,0
USA,37.6707,-76.3074,333287557,0.0191,0
USA,37.6899,-76.3422,333287557,0.0163,0
USA,43.346,-124.3235,333287557,0.0047,0
USA,32.4112,-119.9804,333287557,0.9289,0
USA,32.3607,-122.3124,333287557,2.5041,0
USA,30.017,-145.033,333287557,14.2858,0
USA,30.433,-140.767,333287557,17.7923,0
USA,30.633,-154.95,333287557,9.421,0
USA,35,-128.967,333287557,6.5438,0
USA,34.983,-133.083,333287557,10.1501,0
USA,34.983,-137.05,333287557,13.7408,0
USA,39,-132.983,333287557,8.6945,0
USA,38,-127.817,333287557,4.1281,0
USA,37.333,-129.283,333287557,5.7252,0
USA,27,-141,333287557,15.7155,0
USA,27,-145.1,333287557,12.2646,0
USA,31,-145,333287557,15.0023,0
USA,35.017,-137,333287557,13.6816,0
USA,34.95,-139.017,333287557,15.5864,0
USA,38.333,-127.083,333287557,3.3339,0
USA,37.35,-129.267,333287557,5.7027,0
USA,42.604183,-129.898517,333287557,5.3367,0
USA,42.589983,-129.910617,333287557,5.3494,0
USA,47.734,-147.644917,333287557,10.6921,0
USA,52.78825,-147.521833,333287557,6.5981,0
USA,53.7875,-147.511248,333287557,5.7395,0
USA,55.57325,-143.059667,333287557,4.4951,0
USA,53.7725,-144.500833,333287557,5.9315,0
USA,54.556083,-143.001917,333287557,5.4929,0
USA,52.554583,-143.020583,333287557,7.4285,0
USA,49.625417,-142.804583,333287557,10.1352,0
USA,51.774333,-141.4485,333287557,7.6578,0
USA,31.525,-123.31,333287557,3.805,0
USA,2.698333,-131.735,333287557,13.8876,0
USA,-2.766667,-134.775,333287557,7.7384,0
USA,85.9511,-148.01,333287557,15.4466,0
USA,85.279,-146.58,333287557,14.9621,0
USA,84.1428,-164.44,333287557,14.023,0
USA,86.75014,-140.88221,333287557,16.7953,0
USA,86.75014,-140.88221,333287557,16.7953,0
USA,86.75014,-140.88221,333287557,16.7953,0
USA,27.9185,-82.5379,333287557,0.0029,0
USA,27.9185,-82.5379,333287557,0.0029,0
USA,27.9185,-82.5379,333287557,0.0029,0
USA,27.9185,-82.5379,333287557,0.0029,0
USA,27.9687,-82.5621,333287557,0.0121,0
USA,27.9687,-82.5621,333287557,0.0121,0
USA,27.9687,-82.5621,333287557,0.0121,0
USA,27.9687,-82.5621,333287557,0.0121,0
USA,27.9899,-82.6316,333287557,0.0101,0
USA,27.9899,-82.6316,333287557,0.0101,0
USA,27.9899,-82.6316,333287557,0.0101,0
USA,27.9899,-82.6316,333287557,0.0101,0
USA,27.9456,-82.6943,333287557,0.0012,0
USA,27.9456,-82.6943,333287557,0.0012,0
USA,27.9456,-82.6943,333287557,0.0012,0
USA,27.9456,-82.6943,333287557,0.0012,0
USA,27.9456,-82.6943,333287557,0.0012,0
USA,27.9528,-82.6416,333287557,0.0132,0
USA,27.9528,-82.6416,333287557,0.0132,0
USA,27.9528,-82.6416,333287557,0.0132,0
USA,27.9528,-82.6416,333287557,0.0132,0
USA,27.9237,-82.4807,333287557,0.0091,0
USA,27.9237,-82.4807,333287557,0.0091,0
USA,27.9237,-82.4807,333287557,0.0091,0
USA,27.9237,-82.4807,333287557,0.0091,0
USA,27.8589,-82.4686,333287557,0.0173,0
USA,27.8589,-82.4686,333287557,0.0173,0
USA,27.8589,-82.4686,333287557,0.0173,0
USA,27.8589,-82.4686,333287557,0.0173,0
USA,27.8589,-82.4686,333287557,0.0173,0
USA,27.8589,-82.4686,333287557,0.0173,0
USA,27.8589,-82.4686,333287557,0.0173,0
USA,27.8096,-82.446,333287557,0.0383,0
USA,27.8096,-82.446,333287557,0.0383,0
USA,27.8096,-82.446,333287557,0.0383,0
USA,27.8096,-82.446,333287557,0.0383,0
USA,27.8096,-82.446,333287557,0.0383,0
USA,27.8096,-82.446,333287557,0.0383,0
USA,27.8524,-82.4093,333287557,0.0071,0
USA,27.8524,-82.4093,333287557,0.0071,0
USA,27.8524,-82.4093,333287557,0.0071,0
USA,27.8524,-82.4093,333287557,0.0071,0
USA,27.8524,-82.4093,333287557,0.0071,0
USA,27.8524,-82.4093,333287557,0.0071,0
USA,27.897,-82.4382,333287557,0.0205,0
USA,27.897,-82.4382,333287557,0.0205,0
USA,27.897,-82.4382,333287557,0.0205,0
USA,27.897,-82.4382,333287557,0.0205,0
USA,27.897,-82.4382,333287557,0.0205,0
USA,27.778,-82.5203,333287557,0.0447,0
USA,27.778,-82.5203,333287557,0.0447,0
USA,27.778,-82.5203,333287557,0.0447,0
USA,27.778,-82.5203,333287557,0.0447,0
USA,27.729,-82.4987,333287557,0.0245,0
USA,27.729,-82.4987,333287557,0.0245,0
USA,27.729,-82.4987,333287557,0.0245,0
USA,27.729,-82.4987,333287557,0.0245,0
USA,27.729,-82.4987,333287557,0.0245,0
USA,27.729,-82.4987,333287557,0.0245,0
USA,27.6934,-82.5559,333287557,0.042,0
USA,27.6934,-82.5559,333287557,0.042,0
USA,27.6934,-82.5559,333287557,0.042,0
USA,27.6934,-82.5559,333287557,0.042,0
USA,27.6934,-82.5559,333287557,0.042,0
USA,27.6934,-82.5559,333287557,0.042,0
USA,27.6934,-82.5559,333287557,0.042,0
USA,27.8261,-82.5675,333287557,0.0284,0
USA,27.8261,-82.5675,333287557,0.0284,0
USA,27.7084,-82.6092,333287557,0.0189,0
USA,27.7084,-82.6092,333287557,0.0189,0
USA,27.7084,-82.6092,333287557,0.0189,0
USA,27.7084,-82.6092,333287557,0.0189,0
USA,27.7084,-82.6092,333287557,0.0189,0
USA,27.7084,-82.6092,333287557,0.0189,0
USA,27.6081,-82.5712,333287557,0.0054,0
USA,27.6081,-82.5712,333287557,0.0054,0
USA,27.6081,-82.5712,333287557,0.0054,0
USA,27.6081,-82.5712,333287557,0.0054,0
USA,27.6081,-82.5712,333287557,0.0054,0
USA,27.5737,-82.6868,333287557,0.0581,0
USA,27.5737,-82.6868,333287557,0.0581,0
USA,27.5737,-82.6868,333287557,0.0581,0
USA,27.61,-82.7832,333287557,0.0735,0
USA,27.61,-82.7832,333287557,0.0735,0
USA,27.61,-82.7832,333287557,0.0735,0
USA,27.61,-82.7832,333287557,0.0735,0
USA,27.61,-82.7832,333287557,0.0735,0
USA,27.6279,-82.6415,333287557,0.0677,0
USA,27.6279,-82.6415,333287557,0.0677,0
USA,27.6279,-82.6415,333287557,0.0677,0
USA,27.6279,-82.6415,333287557,0.0677,0
USA,27.6279,-82.6415,333287557,0.0677,0
USA,28.0261,-82.5812,333287557,0.0452,0
USA,27.9976,-82.5863,333287557,0.0175,0
USA,27.9418,-82.4585,333287557,0.0132,0
USA,27.9418,-82.4585,333287557,0.0132,0
USA,27.9418,-82.4585,333287557,0.0132,0
VEN,12.65,-62.57,28301696,0.9694,0
VEN,13.05,-63.12,28301696,1.6472,0
VEN,13.05,-63.12,28301696,1.6472,0
VEN,13.5,-63.35,28301696,2.033,0
VEN,14.53,-63.27,28301696,1.2201,0
VEN,14.53,-63.27,28301696,1.2201,0
VEN,11.25,-66.87,28301696,0.4974,0
VEN,14.23,-62.67,28301696,1.5551,0
VEN,12.2,-62.4,28301696,0.6389,0
VEN,11.5,-63.38,28301696,0.5914,0
VEN,11.28,-63.53,28301696,0.3483,0
VEN,10.85,-64.43,28301696,0.1194,0
VEN,14.03,-63.42,28301696,1.6779,0
VEN,13.47,-63.22,28301696,1.9557,0
VEN,13.47,-63.22,28301696,1.9557,0
VEN,12.12,-62.22,28301696,0.4438,0
VEN,12.58,-62.77,28301696,1.1195,0
VEN,12.58,-62.77,28301696,1.1195,0
VEN,13.9,-65.93,28301696,2.0818,0
VEN,13.9,-65.93,28301696,2.0818,0
VEN,11.93,-62.22,28301696,0.4366,0
VEN,11.92,-62.27,28301696,0.4876,0
VEN,11.53,-63.15,28301696,0.7954,0
VEN,10.65,-64.48,28301696,0.1848,0
VEN,10.62,-64.52,28301696,0.2223,0
VEN,10.38,-65.27,28301696,0.2602,0
VEN,10.4,-65.28,28301696,0.2781,0
VEN,11.53,-67.35,28301696,0.5341,0
VEN,11.83,-68.03,28301696,0.2858,0
VEN,11.87,-68.03,28301696,0.2599,0
VEN,12.52,-68.68,28301696,0.3534,0
VEN,12.55,-68.7,28301696,0.3877,0
VEN,13.75,-69.77,28301696,1.1521,0
VEN,13.77,-69.78,28301696,1.1692,0
VEN,13.15,-64.67,28301696,1.2525,0
VEN,12.95,-63.6,28301696,1.4483,0
VEN,12.9,-70.12,28301696,0.2772,0
VEN,11.53,-62.52,28301696,0.7893,0
VEN,11.08,-63.57,28301696,0.237,0
VEN,10.45,-64.35,28301696,0.0591,0
VEN,11.23,-64.97,28301696,0.3667,0
VEN,10.8,-65.25,28301696,0.0851,0
VEN,14.17,-63.99,28301696,1.5647,0
VEN,14.09,-63.97,28301696,1.6385,0
VEN,12.71,-63.37,28301696,1.46,0
VEN,12.04,-63.16,28301696,1.1229,0
VEN,11.63,-63.42,28301696,0.6448,0
VEN,11.38,-63.34,28301696,0.5628,0
VEN,10.53,-64.62,28301696,0.2518,0
VEN,10.7,-66.05,28301696,0.1211,0
VEN,11.6,-66.75,28301696,0.161,0
VEN,11.78,-67.35,28301696,0.3503,0
VEN,11.54,-67.44,28301696,0.4824,0
VEN,12.1,-68.05,28301696,0.1564,0
VEN,12.98,-69.43,28301696,0.647,0
VEN,11.88,-62.97,28301696,1.1476,0
VEN,10.45,-64.9,28301696,0.288,0
VEN,11.57,-67.16,28301696,0.3552,0
VEN,14.27,-64.38,28301696,1.6067,0
VEN,13.57,-64.43,28301696,1.6803,0
VEN,12.83,-64.41,28301696,0.9515,0
VEN,12.74,-64.5,28301696,0.8477,0
VEN,12.23,-64.41,28301696,0.3847,0
VEN,12.21,-64.42,28301696,0.3624,0
VEN,12.19,-64.44,28301696,0.3353,0
VEN,12.17,-64.46,28301696,0.3083,0
VEN,12.17,-64.56,28301696,0.275,0
VEN,11.43,-64.6,28301696,0.3876,0
VEN,10.6,-64.64,28301696,0.3203,0
VEN,10.69,-65.44,28301696,0.2216,0
VEN,10.69,-65.89,28301696,0.1934,0
VEN,12.05,-67.79,28301696,0.1029,0
VEN,13.09,-69.5,28301696,0.7086,0
VEN,13.33,-62.24,28301696,0.9666,0
VEN,12.13,-64.27,28301696,0.3929,0
VEN,12.13,-64.27,28301696,0.3929,0
VEN,12.43,-65.48,28301696,0.8718,0
VEN,12.45,-66.55,28301696,0.6027,0
VEN,12.47,-66.52,28301696,0.6307,0
VEN,12.27,-67.5,28301696,0.2747,0
VEN,12.27,-67.5,28301696,0.2747,0
VEN,11.94,-68.26,28301696,0.0836,0
VEN,11.94,-68.26,28301696,0.0836,0
VEN,12.97,-70.23,28301696,0.3834,0
VEN,13.7,-63.73,28301696,1.9963,0
VEN,12.35,-64.25,28301696,0.5728,0
VEN,12.35,-64.25,28301696,0.5728,0
VEN,10.75,-65.8,28301696,0.3015,0
VEN,12.17,-68.38,28301696,0.0523,0
VEN,12.62,-68.48,28301696,0.3225,0
VEN,13.98,-68.7,28301696,1.6536,0
VEN,14.85,-62.38,28301696,1.0667,0
VEN,12.32,-68.08,28301696,0.1559,0
VEN,12.93,-68.65,28301696,0.6719,0
VEN,14.08,-69.03,28301696,1.6936,0
VEN,14.9,-69.45,28301696,2.3456,0
VEN,11.92,-62.17,28301696,0.3896,0
VEN,11.6,-63.87,28301696,0.421,0
VEN,13.4,-69.05,28301696,1.0146,0
VEN,14.62,-62.9,28301696,1.3017,0
VEN,11.63,-62.25,28301696,0.5952,0
VEN,11.78,-62.95,28301696,1.0457,0
VEN,11.78,-62.95,28301696,1.0457,0
VEN,11.33,-63.63,28301696,0.2897,0
VEN,11.33,-63.63,28301696,0.2897,0
VEN,10.32,-64.93,28301696,0.2206,0
VEN,11,-66.07,28301696,0.3956,0
VEN,11,-66.07,28301696,0.3956,0
VEN,11.55,-66.92,28301696,0.2087,0
VEN,11.55,-66.92,28301696,0.2087,0
VEN,11.72,-67.75,28301696,0.2752,0
VEN,11.72,-67.75,28301696,0.2752,0
VEN,13.82,-69.73,28301696,1.2299,0
VEN,11.42,-62.68,28301696,0.6585,0
VEN,11.52,-67.53,28301696,0.4725,0
VEN,11.63,-68.1,28301696,0.4171,0
VEN,12.13,-68.32,28301696,0.0355,0
VEN,13.08,-69.53,28301696,0.6824,0
VEN,11.23,-62.23,28301696,0.5319,0
VEN,11.23,-62.23,28301696,0.5319,0
VEN,11.22,-62.23,28301696,0.5222,0
VEN,11.22,-62.23,28301696,0.5222,0
VEN,11.2,-62.25,28301696,0.5,0
VEN,10.98,-63.17,28301696,0.2455,0
VEN,10.9,-65.8,28301696,0.389,0
VEN,11.53,-66.32,28301696,0.3041,0
VEN,12.2,-67.43,28301696,0.286,0
VEN,13.35,-68.7,28301696,1.0623,0
VEN,13.97,-69.55,28301696,1.4278,0
VEN,14.88,-62.52,28301696,1.1911,0
VEN,14.88,-62.52,28301696,1.1911,0
VEN,14.35,-62.47,28301696,1.3254,0
VEN,12.47,-62.47,28301696,0.8001,0
VEN,12.47,-62.47,28301696,0.8001,0
VEN,11.87,-64.02,28301696,0.533,0
VEN,11.98,-64.02,28301696,0.5503,0
VEN,10.52,-64.7,28301696,0.2804,0
VEN,10.52,-64.7,28301696,0.2804,0
VEN,11.98,-68.1,28301696,0.144,0
VEN,11.98,-68.1,28301696,0.144,0
VEN,12.6,-69.35,28301696,0.2807,0
VEN,12.6,-69.35,28301696,0.2807,0
VEN,13.32,-69.8,28301696,0.7314,0
VEN,13.32,-69.8,28301696,0.7314,0
VEN,14.1,-70.13,28301696,1.4701,0
VEN,14.25,-63.06,28301696,1.5545,0
VEN,13.62,-62.89,28301696,1.6529,0
VEN,13.59,-62.41,28301696,1.1784,0
VEN,11.79,-62.27,28301696,0.5269,0
VEN,11.51,-62.84,28301696,0.7596,0
VEN,10.72,-64.97,28301696,0.2986,0
VEN,10.74,-65.74,28301696,0.3474,0
VEN,11.86,-67.63,28301696,0.1198,0
VEN,12.61,-68.64,28301696,0.3886,0
VEN,13.12,-69.81,28301696,0.5431,0
VEN,11.93,-62.07,28301696,0.2903,0
VEN,10.88,-63.47,28301696,0.1986,0
VEN,10.41,-64.62,28301696,0.153,0
VEN,13.84,-64.9,28301696,1.9629,0
VEN,12.93,-64.9,28301696,1.0717,0
VEN,11.76,-64.91,28301696,0.2705,0
VEN,11.32,-67.08,28301696,0.4845,0
VEN,11.32,-67.08,28301696,0.4845,0
VEN,13.78,-62.95,28301696,1.7496,0
VEN,13.43,-62.75,28301696,1.4843,0
VEN,14.21,-62.47,28301696,1.38,0
VEN,13.97,-62.58,28301696,1.4756,0
VEN,13.5,-62.64,28301696,1.3856,0
VEN,13.32,-62.64,28301696,1.3646,0
VEN,11.6,-62.91,28301696,0.8613,0
VEN,11.98,-64.05,28301696,0.5213,0
VEN,11.82,-65.13,28301696,0.4813,0
VEN,11.81,-65.99,28301696,0.1117,0
VEN,14.39,-68.33,28301696,2.0805,0
VEN,12.55,-65.11,28301696,0.8225,0
VEN,12.86,-66.22,28301696,1.0369,0
VEN,12.19,-67.18,28301696,0.4826,0
VEN,11.24,-67.11,28301696,0.5693,0
VEN,12.2,-67.53,28301696,0.2037,0
VEN,12.65,-68.65,28301696,0.4265,0
VEN,14.19,-69.54,28301696,1.6388,0
VEN,15.04,-69.97,28301696,2.4091,0
VEN,11.58,-62.25,28301696,0.6282,0
VUT,-17.75,168.3,326740,0.004,0
ZAF,-48.986654,9.025014,59893885,7.7459,0
ZAF,-43.976782,14.111344,59893885,10.5696,0
ZAF,-46.648167,38.01345,59893885,0.0372,0
ZAF,-41.000367,26.837433,59893885,7.0581,0
ZAF,-34.96585,13.93202,59893885,4.4128,0
ZAF,-34.74773,14.30475,59893885,3.9823,0
